NVERT 200
0 26 30 54 63 83 95 112 125 137 147 167
1 101 138 184
2 6 59 63 65
3 18 19 42
4 31 195
5 8 13 56 66 152
6 8 68 147 159 185
7 52 72 138 156
8 32 63 87 119 139 159
9 105 137 154
10 38 132 176
11 19 54 89 105 169 173 199
12 50
13 32 120 125 195 197
14 98 150 166 176
15 51 62 186
16 39 71 75 81 107
17 94
18 26 52 83 136
19 171
20 32 51 95 145 148 196
21 83 140 179
22 52 68 75 78 79 125 188 189
23 28 60 73 81 90 185
24 45 59 124 163 165 183
25 89
26 102 151
27 66 152 155
28 126 148 151 161 175
29 40 59 88
30 32 89 111 148 179
31 76 98 150
32 56 76 101 130 181 182
33 103 165 196
34 43 75 120 152
35 121 146
36 75 106
37 95
38 85 135 166
39 57 84 138 159
40 79 125 186
41 74 130 164 169 196
42 55
43 63 111 128 130 178
44 50 72
45 58 62 94 115 144 175 187
46 70 76 119 152 188 195
47 53 54 113 115 178 180 186 189
48 110 156 174
49 116 153
50 187 192
51 149
52 93
53 73 77 112
54 68 78 102 160 196
55 197
56 180 181
57 78 103 109 173 185 195
58 179
59
60 64 118 120 123 157 167 173
61 148 194
62 116 127
63 67 97 185 188
64 148 187 197
65 138 171
66 95 165 181
67 98 130 184 189
68 98 109
69 108 178
70 84 176
71 88 168 172
72 149 156 190
73 132 138 149 160 166
74 159 183
75 100 124 151 174
76 106 114 115 147
77 106 184
78 117 162 182
79 97
80 95 159 180 192 194
81
82 147
83 108 191
84 163
85 89 104
86 102
87 138 155
88 134
89 168 177
90 141 169 177
91 150
92 134 167 193
93 148 183
94 108 179
95 99 102 104 115 196
96 119
97 121 141
98
99 122
100 127
101 130
102 124 179
103 121 135 194
104 115
105 128 143
106 129 167 168 187
107
108 131
109 179
110 133 145
111 142 163 180 182
112 125
113 163
114
115 117 176
116 126 176
117
118 125 162
119
120 148 149
121
122 197
123 175
124 193 196
125 137 149 186
126
127
128 130 157 170
129 138
130 195
131 146 169
132 133
133 188
134 192 193 196
135
136 148 156 198
137
138 140
139 169 171 196
140 145
141 144
142 174
143
144 163 184
145 164 199
146 162
147 153
148 166
149 169
150 166 182
151
152 161 180
153
154
155
156
157
158 182
159
160 176 185 197
161
162
163
164
165
166 191
167
168 181
169
170 190
171
172 179
173
174
175
176
177
178
179 192
180
181
182
183
184
185
186 199
187
188
189
190
191
192
193
194
195
196
197
198
199
WEIGHTS 400
0 26 11
0 30 253
0 54 82
0 63 276
0 83 300
0 95 251
0 112 256
0 125 6
0 137 66
0 147 52
0 167 5
1 101 116
1 138 262
1 184 144
2 6 37
2 59 131
2 63 120
2 65 96
3 18 14
3 19 271
3 42 57
4 31 244
4 195 27
5 8 282
5 13 164
5 56 87
5 66 175
5 152 257
6 8 235
6 68 39
6 147 283
6 159 69
6 185 198
7 52 213
7 72 57
7 138 114
7 156 62
8 32 254
8 63 81
8 87 16
8 119 162
8 139 288
8 159 38
9 105 290
9 137 190
9 154 155
10 38 125
10 132 132
10 176 48
11 19 146
11 54 60
11 89 68
11 105 119
11 169 83
11 173 185
11 199 169
12 50 5
13 32 199
13 120 138
13 125 165
13 195 163
13 197 96
14 98 80
14 150 207
14 166 36
14 176 206
15 51 48
15 62 30
15 186 19
16 39 230
16 71 146
16 75 131
16 81 4
16 107 95
17 94 45
18 26 165
18 52 127
18 83 82
18 136 115
19 171 280
20 32 202
20 51 118
20 95 4
20 145 102
20 148 286
20 196 249
21 83 119
21 140 74
21 179 42
22 52 78
22 68 70
22 75 214
22 78 113
22 79 287
22 125 160
22 188 104
22 189 290
23 28 157
23 60 194
23 73 262
23 81 96
23 90 268
23 185 19
24 45 18
24 59 25
24 124 198
24 163 289
24 165 119
24 183 240
25 89 74
26 102 220
26 151 229
27 66 208
27 152 163
27 155 285
28 126 205
28 148 70
28 151 29
28 161 80
28 175 296
29 40 10
29 59 22
29 88 219
30 32 92
30 89 203
30 111 163
30 148 192
30 179 94
31 76 196
31 98 282
31 150 293
32 56 283
32 76 155
32 101 59
32 130 216
32 181 117
32 182 126
33 103 282
33 165 224
33 196 288
34 43 100
34 75 275
34 120 177
34 152 55
35 121 199
35 146 84
36 75 182
36 106 134
37 95 198
38 85 71
38 135 283
38 166 265
39 57 252
39 84 81
39 138 276
39 159 229
40 79 132
40 125 162
40 186 69
41 74 54
41 130 286
41 164 4
41 169 47
41 196 130
42 55 77
43 63 230
43 111 283
43 128 63
43 130 142
43 178 47
44 50 101
44 72 77
45 58 209
45 62 65
45 94 74
45 115 262
45 144 32
45 175 233
45 187 93
46 70 283
46 76 244
46 119 238
46 152 14
46 188 227
46 195 137
47 53 88
47 54 200
47 113 143
47 115 130
47 178 97
47 180 258
47 186 239
47 189 133
48 110 134
48 156 271
48 174 171
49 116 217
49 153 270
50 187 83
50 192 267
51 149 30
52 93 257
53 73 77
53 77 257
53 112 230
54 68 99
54 78 237
54 102 113
54 160 153
54 196 154
55 197 211
56 180 200
56 181 277
57 78 152
57 103 271
57 109 122
57 173 110
57 185 233
57 195 274
58 179 298
60 64 278
60 118 126
60 120 168
60 123 105
60 157 267
60 167 194
60 173 228
61 148 280
61 194 174
62 116 88
62 127 268
63 67 54
63 97 59
63 185 25
63 188 36
64 148 192
64 187 26
64 197 257
65 138 155
65 171 76
66 95 96
66 165 25
66 181 133
67 98 56
67 130 208
67 184 137
67 189 258
68 98 36
68 109 130
69 108 54
69 178 21
70 84 174
70 176 251
71 88 284
71 168 74
71 172 203
72 149 146
72 156 299
72 190 64
73 132 145
73 138 79
73 149 295
73 160 190
73 166 148
74 159 280
74 183 110
75 100 211
75 124 73
75 151 200
75 174 193
76 106 111
76 114 207
76 115 37
76 147 243
77 106 224
77 184 24
78 117 127
78 162 185
78 182 237
79 97 179
80 95 111
80 159 282
80 180 107
80 192 132
80 194 140
82 147 112
83 108 179
83 191 18
84 163 40
85 89 141
85 104 79
86 102 135
87 138 146
87 155 207
88 134 184
89 168 213
89 177 25
90 141 169
90 169 291
90 177 97
91 150 186
92 134 134
92 167 216
92 193 267
93 148 164
93 183 164
94 108 151
94 179 255
95 99 5
95 102 203
95 104 77
95 115 249
95 196 44
96 119 287
97 121 238
97 141 220
99 122 181
100 127 195
101 130 288
102 124 182
102 179 28
103 121 205
103 135 253
103 194 265
104 115 293
105 128 211
105 143 14
106 129 94
106 167 22
106 168 270
106 187 101
108 131 189
109 179 153
110 133 78
110 145 137
111 142 18
111 163 115
111 180 90
111 182 63
112 125 193
113 163 30
115 117 274
115 176 119
116 126 140
116 176 56
118 125 12
118 162 122
120 148 36
120 149 168
122 197 209
123 175 64
124 193 27
124 196 103
125 137 95
125 149 109
125 186 214
128 130 187
128 157 188
128 170 153
129 138 127
130 195 165
131 146 129
131 169 108
132 133 152
133 188 173
134 192 184
134 193 207
134 196 26
136 148 135
136 156 66
136 198 168
138 140 9
139 169 79
139 171 170
139 196 117
140 145 243
141 144 74
142 174 155
144 163 45
144 184 76
145 164 251
145 199 57
146 162 16
147 153 123
148 166 107
149 169 79
150 166 250
150 182 229
152 161 183
152 180 184
158 182 54
160 176 44
160 185 194
160 197 238
166 191 207
168 181 124
170 190 30
172 179 81
179 192 245
186 199 107
