NVERT 94
0 4 6 9 12 14 15 16 22 25 47 55 57 62 65 67 71 85 90
1 3 18 22 41 46 48 57 65 66 73 78 80
2 14 15 20 21 43 87 89 92
3 7 9 28 49 57 58 72 76 85 92
4 9 15 18 41 43 50 54 57 62 71 72 74 79 83 93
5 39 52 54 56 61 70 71 72 79 82 86 93
6 7 8 10 13 24 28 38 39 40 41 44 50 54 55 57 61 76 79 80 89
7 14 15 47 66 71 83
8 9 10 14 34 47 66 70 73 87
9 59 73
10 39 62 70 87
11 12 20 22 39 46 48 52 54 57 66 67 69 74 82 89
12 14 17 18 21 31 39 42 50 58 59 61 72 74 78 80 83 87 88 89
13 17 18 29 38 41 55 65 66 68 69 70 74 79 86 88 89 90 91
14 73
15
16 22 25 30 48 52 59 77 89
17 42 59 62 65 70 84 85 90
18 49 59 62 73
19 20 43 76 79 87 91 93
20 49 58 66 70 73 93
21 49 71 93
22 47 48 54 57 62 87 88 92
23 34 58 70 71 72 74 76 79 91
24 25 39 41 46 54 64 68 71 79 89
25 83 85 92
26 30 55 63 64 65 75 80 83 84 90
27 47 62 77 83 87 92 93
28 47 58 73 76
29 43 62 68 73 77 80 83 87 93
30 39 50 62 70 72 83 89
31 46 48 59 66 73 87
32 37 38 56 58 70 71 88
33 34 41 77 83 85 88
34 58 62 70 74 83 91 93
35 42 43 71 73 77 84
36 43 45 49 52 58 62 76 81 84 88
37 45 50 65 74 77 78 79 82 84 88
38 45 64 65 70 74 79 83 86 88
39 77 91
40 49 50 62 71 72
41 47 48 49 59 74 76 83 87
42 57 59 73 74 76 79 87
43 47 62 66 83
44 45 48 49 61
45 56 61 65 68 77 78 82
46 65 79
47 66
48 58 59 70 83 91
49 89
50 66 71 73
51 52 53 54 56 61 65 66 68 69 73 75 79 81 86
52 74 79 80 82 83
53 54 60 63 74 76 85 88
54 70 71 74 76 82
55 56 61 66 71 72 73 76 78 82 85 88 89
56 59 70 71 73 80 82 84 90 92
57 73 89 91
58 59 66 76
59
60 71 91
61 66 68 73 79 87 90 92
62 87
63 71 75 79 80 82 83 87 88 89 90 92
64 68 72 74 82 83 87 89 91
65 71 83 87 88
66 70
67 73 74 78 85 87 89 92
68 72 74
69 70 72 73 76 85 92 93
70
71
72 83 85 91
73
74
75 85 86 90
76
77
78 79 82 88 93
79 83
80 87 89 91
81 82 86 91
82 85
83 91
84
85
86 88 90 92
87
88
89
90 92
91
92
93
