NVERT 192
0 5 9 41 47 57 59 88 98 102 106 110 118 125 158 165
1 40 88 110 116 118 141 150 160 165
2 16 33 38 40 81 88 102 124 128 141 142 151 152 182
3 16 19 27 29 32 37 43 44 51 52 59 62 64 67 75 76 79 87 88 101 105 118 120 130 141 143 157 169 170 181 187
4 5 15 16 20 25 32 48 60 63 79 85 90 99 108 112 116 118 122 133 139 147 148 162 164 173 182 191
5 10 40 42 55 58 81 117 127 133 136 143 144 160 165 169 174 177 187
6 10 16 39 41 42 44 47 49 52 64 71 88 89 105 108 113 114 133 144 153 164 169 171 174 180 187
7 115 171
8 10 75 102 128 129 136
9 15 26 42 65 75 98 102 104 112 113 116 123 128 141 142 155
10 127 129 162 169
11 12 13 20 26 40 73 88 98 99 111 112 126 130 153 169 171 177 180 186
12 38 41 52 53 57 65 77 102 112 115 124 136 144 162 164 168
13 16 32 38 41 53 60 65 66 76 89 99 108 110 115 123 132 141 155 187
14 16 19 30 37 47 51 55 64 66 69 83 85 89 98 99 100 115 116 117 120 125 133 150 152 153 168 181 186
15 39 75 104 108 110 115 116 127 143 168 181
16 118
17 30 32 33 44 48 49 61 67 69 76 78 90 92 97 98 103 119 122 126 128 129 141 149 151 153 160 164 167 172 181
18 25 27 40 41 42 44 46 48 50 52 62 63 85 86 90 97 98 100 112 113 115 123 127 128 129 130 136 141 143 150 158 179
19 32 33 37 38 41 47 48 55 57 64 71 74 90 102 103 105 109 111 113 121 122 130 136 138 139 181 187
20 21 28 44 53 62 65 77 118 128 133 136 142 163 165 168 169 173 182
21 29 32 76 114 115 136 151 160
22 28 46 49 60 64 65 77 81 86 89 90 93 108 109 111 112 124 126 129 132 133 134 139 148 152 165 167 174 176 178 187
23 39 40 44 46 54 58 63 64 65 79 90 99 106 108 113 114 119 126 127 129 130 148 153 154 160 163 171 175 177 186 191
24 27 32 38 48 50 51 55 57 58 59 60 63 69 81 83 100 106 108 112 115 119 123 124 129 132 138 144 153 156 157 163 174 177 186 187 190
25 26 28 47 62 73 74 108 114 115 123 124 127 133 168 172 174 187
26 47 55 76 108 117 133 142 144 150 160 168
27 28 29 39 47 55 58 90 96 109 116 122 133 139 141 150 186
28 29 38 40 54 57 66 81 99 106 110 114 116 123 143 151 165
29 32 33 38 58 70 89 98 123 142 172 182
30 40 44 51 54 88 89 96 104 124 129 133 139 141 154 158 164 165 176
31 76 102 110 114 116 123 127 129 133 155 171
32
33 41 42 76 114 127 141 143 160
34 49 51 57 60 62 67 70 77 83 88 97 113 117 120 125 133 139 141 144 153 155 161 163 164 173 176 177 184 186
35 36 37 41 48 53 58 60 62 67 75 76 79 86 99 109 113 119 120 126 130 139 140 143 146 149 150 158 164 172 186 191
36 46 64 66 67 74 76 77 79 88 96 101 103 104 112 115 117 121 124 127 130 141 142 155 162 181 184
37 41 57 60 66 71 75 89 90 99 118 123 128 144 152 154 169 175 176 186
38 104 118
39 104 162
40 168 169
41 89 104 117 118 127 128 133 141 155 168 169
42 143 171 181
43 47 54 60 65 69 72 74 77 88 98 102 112 115 121 123 125 130 146 149 151 168 174 179
44 47 55 75 108 133 151 155 158 171
45 46 50 51 56 57 63 75 76 82 87 101 102 103 108 109 110 111 116 130 133 135 137 141 144 153 160 163 167 175 178 180 183 187 188 189 191
46 47 53 57 63 64 67 77 82 87 90 102 106 110 121 126 127 139 141 143 151 153 160 164 173 176
47 89 127 162
48 54 60 64 71 77 82 87 101 110 113 116 126 127 148 167 169 172 174 176
49 54 81 98 102 127 128 144 151 152 154
50 59 62 67 68 69 73 76 85 86 90 105 113 114 121 132 133 136 140 143 146 152 153 157 158 161 163 171 173 174 176
51 55 59 68 76 101 144 151 158 173
52 104 118 162 169
53 62 70 88 89 104 117 118 125 129 133 181
54 58 62 75 102 113 128 133 168 174 177 181
55 104 115 171
56 57 59 67 68 69 84 87 89 95 98 102 104 107 109 111 114 117 121 131 139 146 153 159 162 169 171 183 190
57 62 81 88 90 110 114 116 141 143 150 151 162 163 169 173 177
58 70 102 116 127 150 152 163 165 169 174
59 98 101 115 152 162
60 90 102 108 115 118 128 144 155 160 172 173 187
61 74 77 81 108 114 115 124 132 133 143 144 153 155 160 165 169 174 176 177 180 186
62 141 160 181
63 77 81 88 106 115 125 129 132 133 136 154 172 174 177 181 187
64 68 81 88 89 90 98 104 113 118 124 127 129 154 163 168 176 181 187
65 81 98 110 124 151 160 162 182
66 68 75 89 98 101 113 116 124 142 143 151 154 165 176
67 77 90 102 116 118 128 132 139 144 158 163 165 180 182 187
68 70 102 113 136 143 144 150 152 158 165 169 172 174
69 71 83 89 99 102 106 109 117 126 139 140 142 150 161 169 174 175 176 181 182
70 89 114 115 117 128 133 142 143 144 150 158 182
71 76 114 118 124 127 133 150 151 160 163 171 173 174
72 75 86 100 101 108 114 118 122 128 132 138 139 143 148 154 167 173 175 176 177 184 187
73 81 88 90 96 108 114 115 117 118 124 132 143 144 150 153 174
74 75 87 89 96 99 108 113 117 124 126 128 136 150 151 153 154 155 162 186
75 114 136 143 168
76 110 115 117 136 171 181
77 101 108 110 113 114 124 142 143 152 163 172 173
78 79 92 101 104 105 109 111 112 138 141 155 156 162 168 184
79 90 96 112 113 117 124 126 132 152 154 158 168 171 173 174 175 177 187
80 84 87 90 101 102 106 116 120 121 123 130 136 146 148 157 160 163 165 168 178 191
81 88 98 115 118 127 128 129 136 142 158
82 85 89 90 127 152 153 160 165 173
83 99 105 111 112 127 130 144 150 155 158 163 167 169 171 173 184 190
84 88 122 138 148 153 161 167 174 177 184 190
85 104 116 124 127 136 144 148 152 154 160
86 105 118 122 128 130 136 139 165 169 175 177 180 187
87 89 104 116 118 119 128 130 141 142 172
88 102 116 129 142 143 144 152
89 129 162 168
90 98 110 115 117 128 142 143 144 155 158 168 181
91 92 94 111 114 115 119 122 135 136 137 138 152 165 171 173 176 177 178 181 182 183 185 188 190
92 100 104 112 115 117 122 124 128 133 143 149 158 162 167 180 181 190
93 104 109 110 118 125 134 140 141 146 148 149 152 160 173 181 186 190
94 102 104 110 120 129 136 142 144 151 152 153 157 161 164 165 191
95 100 101 108 113 114 126 130 141 154 158 167 177 187
96 105 106 112 123 127 154 155 160 165 168 172 187
97 121 123 126 130 133 136 139 143 171 174 184
98 117
99 108 116 142 160 181
100 106 109 118 122 124 126 129 139 153 162 171 173 179 181
101 114 115 123 144 169 171 173
102 104 114 136 162
103 104 106 111 118 125 141 144 153 155 160 172 174
104 114 118
105 114 116 125 127 128 150 155 162 164 168 171 181 187
106 124 125 129 143 150 162 163
107 108 114 115 116 123 133 141 143 150 152 156 160 165 167 170 177 178 181 183 187
108 115 136 144 181
109 115 124 143 169 172 177 180
110 117 141 143 144 168
111 112 115 118 126 127 130 133 136 142 150 152 154 162 176 181
112 129 150 158 160 169 182
113 129 143 150 155 160 171
114
115
116 171 181
117 127 169
118
119 124 136 181
120 122 128 148 150 153 154 161 164 174 176
121 129 133 142 148 150 165 175
122 132 136 153 174 177 187
123 136 141 162
124 133 143 155 162 163 168 169
125 128 129 144 155 160 173 174
126 129 144 160 171 174 177 181
127
128 136 181
129
130 136 144 154 168 172 173 176 181 182
131 133 138 140 143 150 152 154 161 170 175 176 178 180 183 188
132 142 150 151 154 162 168 177
133 136
134 136 138 141 143 148 149 152 153 154 155 156 161 167 173 180 182 186
135 153 169 174 186 188
136
137 138 142 148 153 154 159 167 171 173 177 183
138 139 154 163 169 176
139 144 150 152 160 175 181
140 141 143 147 154 158 175 184
141
142 158 171 181
143 162 169
144
145 146 156 169 173 174 179 181 184 187 188
146 149 153 164 174 177 187
147 151 154 173 175 181
148 154 162 163 165 169 173 175 176 177 181
149 151 155 162 172
150 181
151 155 171
152 162
153 160
154 164 177 181 182
155
156 160 162 165 167 173 180 184 190
157 162 175 182 184 190
158 171
159 176
160 181
161 171 177 181 186 190
162
163 169
164 177 182
165 171 174 187
166 169 180 181 182 184 190
167 172 182
168
169
170 171 173 175
171
172 173
173 182
174
175
176
177 187
178 182 188
179 186
180 187
181
182
183
184 186
185
186 187
187
188 190
189
190
191
