NVERT 200
0 5 7 10 15 20 26 37 38 39 40 42 49 51 52 70 71 73 91 92 93 94 98 100 105 107 112 117 123 125 128 129 130 135 137 138 149 157 163 176 187 189 192 195 196 197
1 8 11 19 20 25 29 30 40 44 50 52 66 78 79 81 82 83 90 92 93 95 101 121 123 126 129 133 137 147 151 153 158 159 164 166 169 178 186 188 191 194 198 199
2 5 7 11 17 24 25 27 28 36 39 54 55 59 60 61 65 70 76 77 80 83 88 91 98 100 108 110 114 117 118 125 128 129 140 141 149 151 152 155 157 162 165 168 169 171 173 177 182 194 198
3 4 7 14 19 20 21 27 31 42 45 52 55 56 66 67 81 84 89 91 92 94 101 105 106 110 119 120 125 130 132 140 143 147 148 151 153 155 160 164 179 184 194
4 5 9 12 14 15 16 19 21 22 32 46 49 50 54 60 66 70 72 81 87 90 104 106 109 110 113 116 119 121 122 125 127 130 153 157 161 167 169 171 173 174 178 187 188 190 191 192 195 198
5 19 25 31 40 41 42 43 44 46 49 66 76 83 85 92 102 107 110 124 125 128 133 138 141 145 146 148 151 157 162 165 166 167 168 173 178 180 188 189 193 195 199
6 8 12 13 14 31 32 34 42 46 47 54 56 60 64 69 72 80 84 90 93 96 110 112 114 115 116 122 126 132 140 142 150 155 160 162 179 184 190 195 197
7 8 12 20 21 22 24 31 32 37 45 49 50 52 56 60 62 66 75 76 79 83 87 89 91 92 93 94 97 99 100 102 103 107 124 126 143 149 157 158 162 169 176 179 181 188 191 192 194 196
8 16 35 38 40 43 45 53 54 70 76 77 79 81 84 85 86 90 92 93 96 97 98 99 103 106 107 108 110 119 128 133 135 138 141 153 160 161 168 172 184 189 190 194 197
9 15 19 22 29 34 41 43 46 53 55 57 60 61 66 72 73 75 78 85 93 95 97 105 108 112 115 120 121 122 129 130 132 135 137 141 142 146 148 160 161 162 163 168 183 187 189 197
10 17 20 24 27 31 32 36 41 47 49 64 69 70 82 89 95 96 101 117 118 120 137 139 150 156 159 160 164 169 179 181 185 193 194
11 18 22 33 36 37 38 43 47 51 56 59 64 66 73 80 85 90 94 100 103 105 108 109 114 116 117 121 129 136 143 151 152 153 162 166 167 169 170 176 177 178 185 187
12 15 19 20 23 31 33 36 40 46 48 49 52 61 67 73 78 82 83 88 95 96 102 108 113 116 121 123 125 126 128 130 137 147 148 152 163 164 165 166 175 181 197
13 24 45 52 55 56 62 66 70 71 74 86 90 96 103 105 109 110 111 118 123 124 125 138 140 144 147 152 156 160 164 165 177 182 183 189 199
14 15 16 18 22 27 33 50 60 64 69 75 81 87 105 107 109 117 118 133 134 136 137 148 151 168 172 180 184 186 194 195
15 17 24 27 30 31 32 44 46 47 50 52 53 54 64 65 70 77 80 84 85 86 88 89 92 97 106 108 109 117 123 124 125 126 135 146 149 152 154 155 161 163 165 172 173 178 192
16 19 24 27 33 35 39 40 47 53 63 65 66 73 74 77 78 88 92 93 94 96 98 100 104 106 108 109 110 112 114 126 130 131 137 141 142 150 155 158 161 163 174 184 186 188 189 191 193 197
17 23 30 38 40 43 46 55 59 63 64 65 81 83 87 92 93 99 108 109 125 126 142 143 150 152 158 177 180 183 196 198
18 19 22 23 27 28 29 31 32 34 35 36 38 39 40 45 46 49 51 54 56 61 66 68 75 86 88 94 95 102 113 128 130 134 142 143 144 148 151 152 158 165 166 167 173 174 177 180 187 192 193 196 198
19 21 24 26 31 43 44 48 54 56 57 59 71 81 89 95 105 109 115 117 129 135 147 150 162 164 166 168 169 176 177 181 184 185 187 188 191 199
20 21 29 38 46 53 54 59 64 68 70 71 73 83 85 106 107 108 114 117 121 122 126 131 146 150 152 157 167 179 181 183 188
21 23 29 38 41 46 52 60 65 66 67 68 72 73 75 77 79 83 88 97 99 101 106 109 111 112 116 127 128 131 134 137 139 140 141 142 143 146 148 162 166 170 180 182 188 191 198
22 28 32 35 38 42 43 47 62 63 67 74 79 81 82 90 92 99 104 106 113 115 116 123 124 131 137 144 146 149 154 158 160 162 168 178 179 185 189 193 195 197
23 24 25 29 35 36 43 50 56 60 64 67 71 77 89 91 96 102 104 110 119 121 128 129 133 135 136 137 139 141 147 158 159 167 169 175 179 181 182 185 190 197
24 26 33 37 43 45 47 49 51 59 61 64 73 80 81 84 92 93 101 103 104 115 118 124 127 129 130 131 140 143 147 149 152 160 164 166 171 173 175 179 182 192 195
25 26 29 32 36 49 51 68 69 72 75 80 81 86 89 90 93 94 96 98 107 112 113 114 115 123 125 130 137 138 141 145 154 159 160 166 167 172 178 179 181 184 188 190 198 199
26 27 30 33 34 35 37 38 42 53 54 55 59 62 65 77 79 81 84 86 97 100 102 106 108 117 135 138 152 160 165 188 197 198
27 30 37 38 39 40 41 44 46 50 51 53 57 58 61 62 64 66 67 68 71 74 76 81 84 98 100 108 111 112 116 132 134 140 148 162 176 178 179 180 183 184 185 186 189 192 195
28 30 31 35 43 48 49 52 59 69 71 75 76 78 80 81 82 86 88 90 94 95 105 110 113 114 115 117 118 124 126 127 128 129 131 132 134 139 145 147 154 159 163 165 179 187 192 198
29 30 39 48 52 61 73 79 95 98 109 112 117 122 124 127 134 139 147 150 151 152 154 161 166 176 185 189 190 198
30 33 35 39 48 55 56 60 61 71 86 87 89 90 91 103 107 119 131 144 150 154 157 165 167 168 179 184 195 198
31 35 36 42 45 52 53 54 61 64 78 79 84 86 100 101 102 103 104 111 118 121 122 127 131 135 138 139 140 147 154 156 162 164 165 168 169 175 179 181 182 189 192 193 198 199
32 36 42 44 49 57 60 66 68 73 74 75 76 87 98 101 108 114 120 132 133 134 135 140 149 150 153 155 160 163 165 166 168 169 171 172 173 179 187 188 191 199
33 42 57 58 61 69 70 78 84 91 95 97 98 104 110 121 122 130 132 133 138 140 142 147 153 162 172 176 177 179 180 184 192 193 194 196
34 35 44 49 51 53 58 59 62 75 76 79 89 91 92 95 102 108 113 115 122 134 135 136 144 145 156 163 166 173 181 184 185 186 189 190 196
35 39 41 48 55 66 67 69 70 71 74 80 86 91 101 102 114 118 120 137 141 143 146 149 152 162 164 189 190 196
36 40 44 48 58 59 61 63 68 72 74 78 86 88 93 95 98 106 107 108 113 117 126 131 132 138 143 145 155 157 159 163 164 165 168 170 176 180 186 188 191 194
37 41 55 59 62 64 68 73 74 77 80 81 83 89 94 105 108 116 128 129 131 137 138 150 154 155 166 182 191 197
38 46 48 61 63 67 72 73 76 78 80 84 87 94 95 105 119 128 129 140 144 146 147 148 153 161 175 177 180 183 186 194 197 199
39 41 45 46 54 61 63 64 73 75 84 87 96 103 111 112 124 127 129 143 145 146 147 149 155 165 171 173 176 177 181 188 197
40 50 51 61 64 80 86 92 95 101 107 110 114 116 121 131 135 140 149 158 162 169 175 176 178 179 182 183 187 189
41 42 45 46 50 53 63 69 70 71 73 77 78 83 84 98 100 105 108 114 117 124 125 127 138 139 148 156 158 162 166 169 173 175 177 178 179 181 185 197
42 47 60 65 68 70 89 92 97 101 110 112 113 115 117 127 128 133 136 139 140 146 157 171 188 195 197
43 47 50 63 67 68 80 82 86 89 95 103 110 115 117 118 120 122 124 134 137 142 144 146 149 153 157 163 174 175 180 187 194 195
44 48 51 61 76 77 78 91 102 117 118 120 124 125 127 140 144 146 150 151 157 159 163 165 167 170 179 180 181 188 193 197
45 47 50 56 61 63 65 70 72 75 78 90 99 102 104 105 112 115 116 119 122 125 133 134 138 147 148 151 154 155 157 158 168 170 176 178 182 187
46 50 51 57 58 73 75 77 83 86 94 96 100 105 116 117 118 126 130 135 147 154 158 163 170 176 186 191 192 194 196
47 67 71 73 78 81 83 90 95 99 101 103 105 107 109 114 120 121 122 124 126 148 153 154 155 156 157 161 166 174 175 179 182 185 198
48 56 62 68 76 78 82 85 104 105 106 110 111 119 120 123 135 138 148 154 155 161 162 166 167 170 185 189 190 193
49 51 52 56 60 62 72 75 83 88 105 106 111 117 118 120 121 122 124 125 136 139 151 162 167 169 170 172 174 189
50 51 53 55 65 66 70 81 89 90 92 94 95 99 103 106 107 115 116 120 121 124 134 135 143 163 167 173 182 186 188 190 198
51 58 62 66 71 74 90 94 102 113 117 121 122 123 124 139 140 143 153 156 162 178 179 186 191 192 194 195 196 197
52 56 61 76 77 81 84 85 86 91 94 98 109 112 116 120 122 123 131 133 140 147 155 156 162 164 165 173 187 188 192 194
53 57 58 63 71 75 83 88 89 90 92 105 113 120 122 123 128 131 138 139 143 144 147 153 160 162 163 165 171 179 181 183 184 185 194 196 197 198 199
54 57 59 60 61 63 64 66 70 71 90 92 109 121 127 130 132 141 143 145 152 154 162 165 168 171 172 174 175 176 180 184 185 187 189 190 192 194 195 196
55 56 61 77 78 83 89 93 113 114 118 125 128 132 133 135 136 143 145 152 153 155 157 159 162 164 166 171 174 178 183 190 191 195 196 199
56 58 72 76 80 85 86 91 93 98 103 128 130 132 135 136 137 140 144 148 149 151 155 164 166 172 174 190 194 196
57 59 69 73 76 80 85 90 94 95 99 109 115 118 124 126 132 148 149 161 164 165 172 176 184 185 187
58 61 66 77 79 81 82 86 87 92 105 109 110 112 114 123 129 135 139 141 146 151 165 179 186 194
59 61 62 64 67 70 75 78 82 92 101 104 110 133 135 138 139 140 141 144 149 150 155 162 163 174 175 182 190 199
60 64 65 66 72 79 80 95 101 113 122 138 139 140 141 150 153 154 162 172 174 177 181 183 192 199
61 70 71 73 74 83 85 86 88 89 90 94 96 113 117 121 130 137 149 158 161 170 172 176 181 186 195 197 199
62 67 70 71 75 85 91 93 94 102 104 105 109 111 112 116 129 133 135 144 148 151 155 163 165 170 187 194
63 64 68 72 80 86 90 92 95 97 99 102 103 105 106 108 111 115 123 125 132 148 150 154 161 164 165 167 184 187 190 193 196 198
64 65 71 72 76 82 83 92 95 98 100 104 106 111 115 124 125 126 127 133 136 138 139 141 143 159 160 161 162 163 164 165 168 170 176 179 183 194 195
65 75 89 90 96 103 108 110 112 126 133 136 137 145 147 149 155 156 164 166 168 172 174 179 180 183 185 187 194 195
66 70 78 81 83 84 90 94 95 96 97 102 110 111 118 123 128 130 132 136 140 149 150 151 162 165 167 168 170 171 175 177 178 180 192
67 68 71 72 74 82 88 95 99 100 105 108 111 118 122 132 133 136 137 140 142 145 151 153 158 160 167 168 169 171 172 181 183 190 192
68 70 72 73 78 86 90 94 97 98 102 104 108 111 113 115 120 123 131 133 139 146 150 161 165 170 171 175 178 182 183 199
69 70 72 76 81 88 95 96 97 103 105 108 112 124 132 151 152 154 156 159 163 164 165 166 168 171 180 181 183 184 195 196
70 72 73 85 89 100 102 103 105 112 117 118 124 138 140 142 144 145 149 150 151 152 153 156 160 169 171 173 179 182 199
71 72 85 86 88 93 97 98 109 112 120 122 124 125 126 133 137 140 143 145 149 150 155 159 160 161 163 165 169 173 175 181 186 187
72 73 99 104 106 109 110 114 117 128 132 138 141 142 147 153 155 158 159 170 172 182 185 189 190 194
73 74 79 80 81 83 87 90 97 98 106 107 117 124 126 127 132 140 142 143 147 148 152 159 160 162 164 170 174 179 181 182 191 194 198 199
74 100 101 104 107 113 117 122 129 131 132 133 134 135 141 142 145 148 150 155 156 158 160 164 168 170 171 177 179 186 187 192 193 196
75 82 87 101 107 111 113 114 115 124 130 135 143 152 153 158 162 163 173 181 183 185 195
76 82 85 91 93 96 106 114 115 118 119 124 129 140 143 153 162 165 167 173 175 176
77 88 91 94 98 104 105 108 111 121 123 130 131 134 140 142 150 155 163 174 180 181 185 189 191 197
78 81 88 90 92 94 101 105 111 116 118 124 130 133 145 146 151 152 156 160 167 169 175 178 181 189 196
79 94 97 99 105 109 112 115 119 123 126 132 144 159 163 167 170 180 183 189 190 193 195 197
80 85 94 98 99 100 101 102 109 113 119 121 126 127 131 132 141 145 148 161 165 168 174 178 184 187 195 199
81 84 87 90 93 94 101 109 110 112 117 122 126 138 139 141 144 150 160 161 169 172 175 178 181 188 192 195 197
82 83 84 86 93 99 111 116 120 123 124 136 137 138 146 156 163 166 174 193
83 84 87 89 92 94 97 98 106 115 119 120 121 126 127 139 140 141 145 149 150 151 152 160 170 173 179 181 183 184 196
84 87 94 97 104 105 106 111 112 119 120 121 122 126 130 133 134 137 140 144 154 159 164 165 169 170 172 173 178 181 185 189 193 199
85 89 97 100 105 107 108 109 111 115 126 130 135 136 139 142 155 158 161 169 171 173 175
86 90 103 105 106 110 118 126 131 132 136 138 145 154 156 157 163 166 168 177 182 197
87 96 98 108 111 115 117 130 134 136 141 142 146 148 150 153 160 161 171 173 174 176 178 184 189 190 195
88 91 92 93 96 100 104 106 112 117 122 127 128 135 139 148 151 153 157 159 161 163 175 176 182 192 193 194 198 199
89 92 93 108 109 111 112 113 116 123 125 128 133 137 140 141 145 146 153 156 164 167 170 179 180 183 187 188 190 192 195 196 197
90 91 93 94 110 112 123 127 129 132 134 140 149 155 158 167 168 172 176 178 184 194
91 104 107 108 109 122 133 142 143 147 149 151 163 172 173 175 177 188 192 193 194 196
92 95 97 101 103 113 123 127 128 136 137 147 150 151 153 154 158 162 166 172 179 182 183 186 188 191
93 96 98 102 109 116 120 124 125 132 138 140 144 145 150 151 152 160 161 165 170 174 175 177 178 180 187 199
94 96 103 105 108 109 114 116 119 121 124 127 134 135 137 138 145 148 153 156 158 161 169 176 177 178 182 184 187 188 191 192 195 197
95 96 103 107 114 129 131 132 135 142 145 147 148 154 158 160 161 165 166 173 176 177 182 186 189 196 198
96 97 99 100 101 108 111 123 125 130 132 142 148 149 153 160 163 164 167 177 188 191 195 196 197 199
97 105 112 146 154 160 162 165 176 180 187 193 196
98 100 101 103 105 107 110 114 116 117 118 120 121 123 141 144 146 151 153 155 160 167 171 183 184 188 189 191 199
99 106 109 110 115 116 121 124 137 141 148 150 160 162 164 178 190 191
100 106 108 111 116 117 122 124 127 130 131 134 137 145 149 154 158 159 168 170 171 181 186 193 195 197
101 102 109 114 120 121 123 125 127 130 138 140 142 146 158 160 163 167 169 170 182 186 187 188
102 103 104 107 119 120 132 133 141 148 154 159 161 165 167 170 171 192 193 194 197
103 104 105 106 111 116 118 127 131 133 136 148 154 157 161 166 172 195 199
104 108 114 117 118 122 123 128 129 130 138 144 147 149 150 152 154 163 171 172 173 174 179 182 183 191 199
105 108 110 111 112 115 121 124 127 136 138 140 141 148 152 153 154 157 161 179 180 182 184 189 193 194
106 107 110 117 126 130 132 137 142 144 150 158 167 169 175 179 187 191 199
107 111 114 117 118 132 139 150 154 159 163 164 166 169 171 177 178 181 183 194 195
108 114 117 122 123 124 126 128 131 136 139 140 143 152 158 159 160 163 172 176 179 183 191 193
109 110 119 131 135 139 153 160 161 166 169 170 171 186 198 199
110 123 125 127 130 132 140 157 160 162 170 173 175 176 181 182 186 190 195 196
111 112 116 131 132 137 139 147 165 170 176 181 185 187
112 115 117 124 125 138 139 145 153 156 157 161 168 176 185 195 197
113 120 123 128 133 134 139 141 146 157 162 167 172 174 178 179 180 181 184 186 190 192 194 195 196
114 115 121 125 129 134 135 139 145 147 150 154 162 165 172 174 182 183 189 190 195
115 119 122 124 129 146 147 153 154 169 173 176 177 189 194
116 118 128 129 130 138 143 144 152 159 160 164 167 168 174 179 187 188 194
117 119 124 129 133 135 137 143 146 155 156 159 164 165 166 176 180 182 191 195
118 127 128 133 136 139 143 149 150 153 154 155 161 168 169 173 177 187 193 195 198
119 120 121 123 124 129 131 134 136 146 148 149 150 160 165 170 171 177 178 185 190 193 195
120 121 123 128 133 137 138 141 147 149 150 152 156 160 162 163 165 176 185 187
121 125 126 148 152 153 155 156 160 166 174 176 181 182 184 195
122 123 128 134 135 139 142 149 154 163 171 187 198
123 135 145 148 150 152 157 158 165 170 180 183 184
124 125 129 142 143 145 148 156 164 172 173 177 179 185 187 195
125 132 137 143 156 169 178 182 188 195 199
126 128 129 130 135 141 151 155 156 157 158 166 169 175 176 182 185 188 189 191 194 196
127 137 138 140 143 144 151 153 156 161 162 167 169 170 175 178 185 186 187 199
128 134 146 148 149 150 152 153 156 158 161 164 177 184 186 195 196 197
129 130 131 136 138 142 152 159 160 171 172 175 179 183 184 185 186 191 198
130 131 135 137 139 141 146 148 153 157 164 168 170 173 178 180 189 191 192 194 197
131 133 136 141 142 146 148 149 161 166 174 177 183 188 191 192 199
132 137 139 140 144 154 159 161 164 165 166 167 174 177 181 199
133 142 144 147 149 150 153 154 162 164 166 169 170 176 177 194 197 198
134 137 138 148 165 169 170 184 185 186 191 193 194 196 197
135 141 145 147 148 152 156 158 162 165 166 172 178 182 183 184 185 190 191 193
136 149 153 156 157 162 167 170 174 184 189
137 139 148 152 159 160 163 166 167 168 172 174 179 181 183 184
138 140 143 164 166 169 178 191 192 193
139 143 151 155 156 169 171 175 177 178 184 187 190 191 195
140 141 146 147 149 158 160 170 171 177 181 184 190 194
141 145 146 150 151 169 172 179 180 187 189 193 198
142 157 165 169 180 191 195 197 198
143 146 147 149 150 158 165 166 167 175 176 179 187 192 195 197
144 151 153 154 161 169 173 176 177 179 182 183 190 193 198 199
145 148 152 165 166 167 170 172 173 174 177 178 185 197 198
146 150 154 157 169 172 177 178 187 192 193 194 195 196
147 159 161 163 164 165 166 170 172 178 179
148 150 155 156 159 161 164 169 170 177 184 185 193 196
149 151 163 166 172 186 190 195 198
150 152 153 160 174 175 178 179 193 199
151 153 159 162 163 164 167 168 169 171 174 175 177 180 182 183 196
152 153 164 165 177 178 186 189 192 195 196
153 160 166 172 173 175 179 180 183 188 191 199
154 161 162 166 171 175 177 185 188 191 192 193 197 198 199
155 158 164 171 172 174 179 189 191 196 199
156 157 176 182 188 196 197 198
157 159 160 161 165 166 173 174 175 194
158 160 162 163 165 168 169 174 187 195 196
159 160 161 162 165 169 170 172 173 181 186 187 188 197 198
160 169 175 176 178 179 180 182 184 193
161 169 179 184 197
162 170 171 173 175 182 184 187 196
163 165 168 171 177 182 185 186 187 188 189 190 193 194 199
164 173 174 175 178 183 184 193
165 166 174 178 181 182 188 190 192
166 172 175 191
167 175 179 191 194
168 182 185 190 193 195 199
169 170 175 179 181 184 189 195 197 199
170 172 173 193 194 196
171 172 177 179 183 184 197 198
172 184 191 193 196 198
173 177 182 184 187 192 196 197
174 175 177 183 184 191 198 199
175 177 184 189 190 193 195
176 178 181 183 189 190 195 197
177 180 182 186 190 198
178 179 181 188 197
179 185 187 193 194
180 181 189 193
181 183 197
182 186 188 192
183 188 192 199
184 190 192 194 195
185 198
186 192 197 199
187 198
188 189 197
189 198 199
190 196 197
191 199
192 194 196 197 198
193
194 195 199
195 199
196
197
198 199
199
WEIGHTS 4419
0 5 425
0 7 232
0 10 298
0 15 104
0 20 73
0 26 421
0 37 130
0 38 336
0 39 113
0 40 5
0 42 476
0 49 282
0 51 91
0 52 435
0 70 298
0 71 380
0 73 463
0 91 499
0 92 431
0 93 141
0 94 52
0 98 492
0 100 47
0 105 188
0 107 215
0 112 119
0 117 402
0 123 254
0 125 350
0 128 201
0 129 250
0 130 213
0 135 469
0 137 157
0 138 188
0 149 161
0 157 145
0 163 217
0 176 469
0 187 338
0 189 319
0 192 160
0 195 355
0 196 8
0 197 175
1 8 429
1 11 396
1 19 294
1 20 320
1 25 11
1 29 277
1 30 100
1 40 234
1 44 185
1 50 279
1 52 131
1 66 436
1 78 304
1 79 121
1 81 280
1 82 354
1 83 137
1 90 284
1 92 393
1 93 411
1 95 159
1 101 159
1 121 466
1 123 131
1 126 426
1 129 32
1 133 39
1 137 268
1 147 197
1 151 342
1 153 22
1 158 191
1 159 425
1 164 247
1 166 291
1 169 423
1 178 251
1 186 14
1 188 166
1 191 439
1 194 408
1 198 97
1 199 418
2 5 292
2 7 360
2 11 113
2 17 379
2 24 221
2 25 271
2 27 413
2 28 168
2 36 440
2 39 439
2 54 411
2 55 100
2 59 188
2 60 209
2 61 401
2 65 162
2 70 328
2 76 57
2 77 300
2 80 90
2 83 296
2 88 62
2 91 122
2 98 492
2 100 392
2 108 472
2 110 157
2 114 170
2 117 238
2 118 408
2 125 127
2 128 426
2 129 14
2 140 278
2 141 392
2 149 256
2 151 248
2 152 266
2 155 122
2 157 210
2 162 227
2 165 369
2 168 271
2 169 32
2 171 202
2 173 358
2 177 149
2 182 230
2 194 455
2 198 80
3 4 387
3 7 49
3 14 280
3 19 254
3 20 21
3 21 91
3 27 402
3 31 290
3 42 390
3 45 495
3 52 400
3 55 434
3 56 300
3 66 453
3 67 488
3 81 309
3 84 347
3 89 475
3 91 343
3 92 45
3 94 370
3 101 286
3 105 327
3 106 347
3 110 95
3 119 91
3 120 169
3 125 477
3 130 312
3 132 36
3 140 490
3 143 105
3 147 253
3 148 432
3 151 125
3 153 15
3 155 161
3 160 408
3 164 23
3 179 172
3 184 211
3 194 347
4 5 431
4 9 222
4 12 434
4 14 315
4 15 341
4 16 387
4 19 153
4 21 372
4 22 158
4 32 488
4 46 460
4 49 85
4 50 305
4 54 38
4 60 445
4 66 491
4 70 300
4 72 80
4 81 137
4 87 124
4 90 391
4 104 472
4 106 285
4 109 449
4 110 214
4 113 420
4 116 186
4 119 150
4 121 270
4 122 50
4 125 144
4 127 77
4 130 81
4 153 376
4 157 289
4 161 128
4 167 361
4 169 347
4 171 467
4 173 44
4 174 459
4 178 22
4 187 459
4 188 29
4 190 230
4 191 305
4 192 161
4 195 262
4 198 376
5 19 143
5 25 246
5 31 291
5 40 434
5 41 9
5 42 329
5 43 365
5 44 350
5 46 455
5 49 190
5 66 462
5 76 491
5 83 467
5 85 355
5 92 124
5 102 53
5 107 100
5 110 260
5 124 336
5 125 144
5 128 430
5 133 362
5 138 295
5 141 435
5 145 288
5 146 486
5 148 16
5 151 70
5 157 220
5 162 294
5 165 233
5 166 455
5 167 71
5 168 308
5 173 218
5 178 364
5 180 293
5 188 462
5 189 398
5 193 456
5 195 27
5 199 452
6 8 25
6 12 336
6 13 151
6 14 186
6 31 449
6 32 427
6 34 154
6 42 348
6 46 446
6 47 384
6 54 112
6 56 342
6 60 35
6 64 350
6 69 205
6 72 267
6 80 144
6 84 253
6 90 482
6 93 458
6 96 275
6 110 150
6 112 174
6 114 396
6 115 334
6 116 451
6 122 458
6 126 207
6 132 371
6 140 297
6 142 165
6 150 460
6 155 450
6 160 376
6 162 27
6 179 66
6 184 182
6 190 426
6 195 441
6 197 145
7 8 453
7 12 497
7 20 293
7 21 490
7 22 72
7 24 25
7 31 285
7 32 162
7 37 325
7 45 413
7 49 489
7 50 152
7 52 278
7 56 37
7 60 229
7 62 122
7 66 56
7 75 14
7 76 234
7 79 95
7 83 316
7 87 306
7 89 125
7 91 212
7 92 68
7 93 188
7 94 215
7 97 185
7 99 366
7 100 318
7 102 352
7 103 208
7 107 386
7 124 377
7 126 74
7 143 269
7 149 284
7 157 16
7 158 400
7 162 302
7 169 55
7 176 186
7 179 118
7 181 7
7 188 339
7 191 479
7 192 118
7 194 396
7 196 155
8 16 171
8 35 391
8 38 233
8 40 363
8 43 368
8 45 278
8 53 389
8 54 223
8 70 257
8 76 321
8 77 211
8 79 70
8 81 278
8 84 463
8 85 169
8 86 190
8 90 471
8 92 380
8 93 479
8 96 248
8 97 289
8 98 413
8 99 76
8 103 202
8 106 447
8 107 317
8 108 216
8 110 60
8 119 256
8 128 348
8 133 355
8 135 182
8 138 62
8 141 254
8 153 118
8 160 180
8 161 287
8 168 400
8 172 319
8 184 187
8 189 414
8 190 37
8 194 463
8 197 196
9 15 210
9 19 139
9 22 243
9 29 205
9 34 265
9 41 62
9 43 499
9 46 438
9 53 208
9 55 408
9 57 172
9 60 465
9 61 313
9 66 171
9 72 355
9 73 165
9 75 275
9 78 20
9 85 378
9 93 105
9 95 381
9 97 45
9 105 325
9 108 61
9 112 288
9 115 372
9 120 342
9 121 307
9 122 481
9 129 163
9 130 298
9 132 96
9 135 453
9 137 68
9 141 233
9 142 106
9 146 497
9 148 117
9 160 196
9 161 381
9 162 261
9 163 438
9 168 432
9 183 242
9 187 460
9 189 35
9 197 184
10 17 438
10 20 42
10 24 400
10 27 272
10 31 81
10 32 66
10 36 328
10 41 199
10 47 235
10 49 113
10 64 191
10 69 381
10 70 57
10 82 37
10 89 48
10 95 360
10 96 442
10 101 350
10 117 198
10 118 330
10 120 218
10 137 100
10 139 487
10 150 446
10 156 403
10 159 311
10 160 279
10 164 212
10 169 70
10 179 23
10 181 276
10 185 481
10 193 255
10 194 313
11 18 366
11 22 430
11 33 461
11 36 229
11 37 172
11 38 293
11 43 226
11 47 227
11 51 275
11 56 44
11 59 366
11 64 277
11 66 450
11 73 79
11 80 472
11 85 124
11 90 430
11 94 316
11 100 207
11 103 38
11 105 266
11 108 208
11 109 111
11 114 121
11 116 86
11 117 334
11 121 275
11 129 164
11 136 416
11 143 95
11 151 228
11 152 12
11 153 84
11 162 69
11 166 10
11 167 426
11 169 112
11 170 257
11 176 225
11 177 190
11 178 353
11 185 343
11 187 292
12 15 369
12 19 101
12 20 210
12 23 382
12 31 56
12 33 291
12 36 495
12 40 274
12 46 462
12 48 218
12 49 427
12 52 62
12 61 5
12 67 329
12 73 4
12 78 396
12 82 488
12 83 94
12 88 4
12 95 398
12 96 354
12 102 225
12 108 217
12 113 47
12 116 180
12 121 118
12 123 93
12 125 466
12 126 351
12 128 25
12 130 486
12 137 111
12 147 94
12 148 166
12 152 214
12 163 382
12 164 410
12 165 89
12 166 192
12 175 379
12 181 224
12 197 97
13 24 313
13 45 292
13 52 225
13 55 49
13 56 333
13 62 34
13 66 192
13 70 324
13 71 374
13 74 300
13 86 385
13 90 468
13 96 192
13 103 137
13 105 425
13 109 161
13 110 96
13 111 159
13 118 449
13 123 473
13 124 11
13 125 56
13 138 393
13 140 458
13 144 133
13 147 336
13 152 293
13 156 362
13 160 101
13 164 258
13 165 470
13 177 264
13 182 244
13 183 455
13 189 212
13 199 453
14 15 352
14 16 65
14 18 13
14 22 365
14 27 274
14 33 259
14 50 322
14 60 373
14 64 271
14 69 432
14 75 446
14 81 46
14 87 33
14 105 248
14 107 142
14 109 467
14 117 440
14 118 441
14 133 54
14 134 87
14 136 426
14 137 244
14 148 240
14 151 346
14 168 268
14 172 261
14 180 32
14 184 167
14 186 162
14 194 289
14 195 183
15 17 304
15 24 349
15 27 437
15 30 245
15 31 451
15 32 465
15 44 265
15 46 482
15 47 84
15 50 88
15 52 169
15 53 63
15 54 404
15 64 140
15 65 192
15 70 119
15 77 415
15 80 113
15 84 59
15 85 64
15 86 492
15 88 17
15 89 421
15 92 210
15 97 24
15 106 273
15 108 424
15 109 494
15 117 272
15 123 142
15 124 49
15 125 175

15 126 86
15 135 98
15 146 351
15 149 108
15 152 218
15 154 387
15 155 198

15 161 331
15 163 451
Ran 2 tests in 0.002s
15 165 352
15 172 468

15 173 347
OK
15 178 425
15 192 303
16 19 383
16 24 19
16 27 296
16 33 462
16 35 277
16 39 249
16 40 169
16 47 298
16 53 424
16 63 424
16 65 133
16 66 306
16 73 377
16 74 140
16 77 154
16 78 409
16 88 422
16 92 96
16 93 246
16 94 46
16 96 106
16 98 196
16 100 485
16 104 316
16 106 388
16 108 354
16 109 16
16 110 48
16 112 12
16 114 318
16 126 46
16 130 274
16 131 7
16 137 26
16 141 412
16 142 90
16 150 93
16 155 500
16 158 4
16 161 168
16 163 390
16 174 21
16 184 332
16 186 396
16 188 420
16 189 328
16 191 131
16 193 103
16 197 270
17 23 98
17 30 347
17 38 393
17 40 455
17 43 402
17 46 140
17 55 462
17 59 335
17 63 49
17 64 297
17 65 59
17 81 139
17 83 227
17 87 264
17 92 163
17 93 471
17 99 377
17 108 242
17 109 460
17 125 168
17 126 371
17 142 358
17 143 116
17 150 8
17 152 21
17 158 84
17 177 484
17 180 145
17 183 20
17 196 177
17 198 435
18 19 146
18 22 313
18 23 367
18 27 141
18 28 139
18 29 134
18 31 315
18 32 138
18 34 113
18 35 12
18 36 161
18 38 302
18 39 418
18 40 256
18 45 296
18 46 48
18 49 474
18 51 427
18 54 316
18 56 39
18 61 184
18 66 409
18 68 333
18 75 394
18 86 315
18 88 103
18 94 3
18 95 387
18 102 98
18 113 349
18 128 81
18 130 386
18 134 194
18 142 211
18 143 479
18 144 427
18 148 82
18 151 135
18 152 292
18 158 492
18 165 337
18 166 120
18 167 420
18 173 104
18 174 377
18 177 369
18 180 189
18 187 129
18 192 156
18 193 346
18 196 155
18 198 44
19 21 247
19 24 415
19 26 290
19 31 298
19 43 292
19 44 144
19 48 280
19 54 320
19 56 273
19 57 370
19 59 15
19 71 471
19 81 340
19 89 67
19 95 81
19 105 99
19 109 442
19 115 53
19 117 404
19 129 390
19 135 323
19 147 435
19 150 243
19 162 408
19 164 327
19 166 380
19 168 412
19 169 488
19 176 487
19 177 11
19 181 392
19 184 302
19 185 437
19 187 351
19 188 220
19 191 360
19 199 75
20 21 154
20 29 265
20 38 182
20 46 147
20 53 41
20 54 170
20 59 259
20 64 184
20 68 81
20 70 458
20 71 161
20 73 5
20 83 162
20 85 223
20 106 415
20 107 500
20 108 58
20 114 253
20 117 215
20 121 446
20 122 394
20 126 115
20 131 51
20 146 297
20 150 397
20 152 120
20 157 66
20 167 443
20 179 489
20 181 484
20 183 97
20 188 448
21 23 247
21 29 189
21 38 23
21 41 230
21 46 389
21 52 436
21 60 292
21 65 374
21 66 248
21 67 389
21 68 29
21 72 15
21 73 156
21 75 205
21 77 481
21 79 398
21 83 454
21 88 150
21 97 127
21 99 360
21 101 240
21 106 96
21 109 385
21 111 483
21 112 27
21 116 103
21 127 61
21 128 451
21 131 195
21 134 190
21 137 78
21 139 166
21 140 48
21 141 180
21 142 315
21 143 26
21 146 122
21 148 349
21 162 104
21 166 500
21 170 227
21 180 435
21 182 14
21 188 170
21 191 125
21 198 256
22 28 191
22 32 131
22 35 359
22 38 229
22 42 97
22 43 254
22 47 180
22 62 107
22 63 62
22 67 445
22 74 448
22 79 343
22 81 16
22 82 341
22 90 313
22 92 133
22 99 162
22 104 44
22 106 234
22 113 127
22 115 279
22 116 217
22 123 191
22 124 432
22 131 35
22 137 9
22 144 318
22 146 127
22 149 39
22 154 409
22 158 122
22 160 61
22 162 435
22 168 482
22 178 99
22 179 304
22 185 302
22 189 399
22 193 44
22 195 57
22 197 421
23 24 391
23 25 487
23 29 246
23 35 96
23 36 262
23 43 439
23 50 231
23 56 473
23 60 177
23 64 393
23 67 450
23 71 325
23 77 36
23 89 433
23 91 112
23 96 372
23 102 402
23 104 139
23 110 237
23 119 299
23 121 18
23 128 123
23 129 358
23 133 78
23 135 113
23 136 226
23 137 255
23 139 329
23 141 215
23 147 479
23 158 346
23 159 143
23 167 409
23 169 381
23 175 11
23 179 81
23 181 376
23 182 152
23 185 410
23 190 323
23 197 394
24 26 323
24 33 268
24 37 120
24 43 25
24 45 476
24 47 304
24 49 58
24 51 479
24 59 60
24 61 48
24 64 267
24 73 261
24 80 362
24 81 135
24 84 79
24 92 199
24 93 21
24 101 285
24 103 448
24 104 96
24 115 433
24 118 84
24 124 186
24 127 99
24 129 406
24 130 69
24 131 176
24 140 154
24 143 413
24 147 326
24 149 244
24 152 415
24 160 114
24 164 320
24 166 345
24 171 343
24 173 82
24 175 409
24 179 308
24 182 198
24 192 84
24 195 172
25 26 99
25 29 133
25 32 122
25 36 157
25 49 435
25 51 449
25 68 101
25 69 466
25 72 376
25 75 275
25 80 280
25 81 485
25 86 297
25 89 386
25 90 372
25 93 495
25 94 220
25 96 189
25 98 270
25 107 82
25 112 43
25 113 440
25 114 449
25 115 117
25 123 424
25 125 104
25 130 359
25 137 476
25 138 44
25 141 79
25 145 195
25 154 166
25 159 206
25 160 275
25 166 394
25 167 244
25 172 309
25 178 150
25 179 111
25 181 433
25 184 119
25 188 157
25 190 270
25 198 28
25 199 139
26 27 200
26 30 167
26 33 383
26 34 7
26 35 424
26 37 308
26 38 81
26 42 6
26 53 144
26 54 482
26 55 500
26 59 438
26 62 163
26 65 157
26 77 13
26 79 367
26 81 201
26 84 145
26 86 88
26 97 39
26 100 473
26 102 247
26 106 417
26 108 144
26 117 261
26 135 3
26 138 133
26 152 349
26 160 146
26 165 421
26 188 191
26 197 418
26 198 389
27 30 63
27 37 452
27 38 406
27 39 284
27 40 387
27 41 239
27 44 3
27 46 195
27 50 13
27 51 342
27 53 428
27 57 32
27 58 136
27 61 295
27 62 47
27 64 243
27 66 131
27 67 485
27 68 431
27 71 90
27 74 158
27 76 475
27 81 33
27 84 307
27 98 246
27 100 310
27 108 185
27 111 59
27 112 454
27 116 393
27 132 186
27 134 18
27 140 320
27 148 378
27 162 289
27 176 55
27 178 65
27 179 155
27 180 175
27 183 397
27 184 258
27 185 75
27 186 128
27 189 143
27 192 396
27 195 13
28 30 497
28 31 168
28 35 231
28 43 235
28 48 495
28 49 52
28 52 473
28 59 489
28 69 232
28 71 119
28 75 465
28 76 465
28 78 326
28 80 407
28 81 207
28 82 263
28 86 258
28 88 270
28 90 282
28 94 13
28 95 401
28 105 4
28 110 87
28 113 53
28 114 180
28 115 285
28 117 167
28 118 28
28 124 461
28 126 358
28 127 359
28 128 178
28 129 237
28 131 445
28 132 62
28 134 344
28 139 483
28 145 145
28 147 225
28 154 164
28 159 113
28 163 224
28 165 69
28 179 312
28 187 452
28 192 176
28 198 194
29 30 217
29 39 142
29 48 235
29 52 179
29 61 122
29 73 283
29 79 53
29 95 392
29 98 113
29 109 384
29 112 265
29 117 438
29 122 137
29 124 296
29 127 156
29 134 412
29 139 190
29 147 268
29 150 236
29 151 114
29 152 139
29 154 46
29 161 72
29 166 35
29 176 102
29 185 498
29 189 216
29 190 367
29 198 130
30 33 136
30 35 20
30 39 200
30 48 381
30 55 313
30 56 24
30 60 429
30 61 72
30 71 152
30 86 419
30 87 350
30 89 110
30 90 376
30 91 148
30 103 43
30 107 430
30 119 44
30 131 240
30 144 140
30 150 298
30 154 290
30 157 145
30 165 166
30 167 83
30 168 133
30 179 126
30 184 179
30 195 459
30 198 23
31 35 413
31 36 190
31 42 210
31 45 258
31 52 33
31 53 468
31 54 175
31 61 233
31 64 372
31 78 334
31 79 463
31 84 341
31 86 310
31 100 66
31 101 166
31 102 413
31 103 44
31 104 78
31 111 480
31 118 326
31 121 112
31 122 132
31 127 458
31 131 114
31 135 58
31 138 202
31 139 101
31 140 341
31 147 258
31 154 150
31 156 256
31 162 32
31 164 428
31 165 5
31 168 345
31 169 395
31 175 59
31 179 19
31 181 360
31 182 187
31 189 355
31 192 9
31 193 368
31 198 134
31 199 472
32 36 350
32 42 71
32 44 406
32 49 237
32 57 131
32 60 398
32 66 54
32 68 155
32 73 451
32 74 50
32 75 138
32 76 268
32 87 80
32 98 231
32 101 428
32 108 50
32 114 291
32 120 473
32 132 468
32 133 170
32 134 283
32 135 75
32 140 413
32 149 6
32 150 426
32 153 197
32 155 425
32 160 327
32 163 493
32 165 6
32 166 477
32 168 120
32 169 341
32 171 278
32 172 15
32 173 217
32 179 456
32 187 493
32 188 389
32 191 217
32 199 434
33 42 84
33 57 494
33 58 6
33 61 139
33 69 279
33 70 475
33 78 315
33 84 275
33 91 280
33 95 313
33 97 350
33 98 482
33 104 28
33 110 320
33 121 68
33 122 485
33 130 185
33 132 66
33 133 476
33 138 282
33 140 131
33 142 339
33 147 77
33 153 75
33 162 285
33 172 441
33 176 165
33 177 444
33 179 460
33 180 347
33 184 207
33 192 55
33 193 260
33 194 30
33 196 230
34 35 62
34 44 228
34 49 142
34 51 161
34 53 224
34 58 3
34 59 78
34 62 249
34 75 8
34 76 372
34 79 80
34 89 324
34 91 495
34 92 305
34 95 498
34 102 42
34 108 330
34 113 142
34 115 12
34 122 175
34 134 342
34 135 233
34 136 392
34 144 425
34 145 352
34 156 193
34 163 338
34 166 304
34 173 375
34 181 349
34 184 439
34 185 42
34 186 207
34 189 30
34 190 416
34 196 489
35 39 142
35 41 287
35 48 473
35 55 285
35 66 183
35 67 225
35 69 208
35 70 229
35 71 324
35 74 256
35 80 388
35 86 203
35 91 474
35 101 188
35 102 491
35 114 108
35 118 40
35 120 89
35 137 263
35 141 69
35 143 95
35 146 197
35 149 393
35 152 189
35 162 482
35 164 496
35 189 383
35 190 243
35 196 42
36 40 323
36 44 255
36 48 234
36 58 354
36 59 49
36 61 274
36 63 178
36 68 215
36 72 51
36 74 64
36 78 20
36 86 338
36 88 230
36 93 228
36 95 278
36 98 118
36 106 319
36 107 266
36 108 464
36 113 53
36 117 159
36 126 227
36 131 189
36 132 135
36 138 447
36 143 128
36 145 440
36 155 431
36 157 53
36 159 387
36 163 332
36 164 118
36 165 460
36 168 389
36 170 391
36 176 51
36 180 88
36 186 78
36 188 306
36 191 245
36 194 129
37 41 245
37 55 177
37 59 264
37 62 197
37 64 192
37 68 338
37 73 386
37 74 53
37 77 112
37 80 9
37 81 213
37 83 417
37 89 189
37 94 217
37 105 298
37 108 54
37 116 47
37 128 84
37 129 401
37 131 425
37 137 296
37 138 245
37 150 416
37 154 160
37 155 342
37 166 235
37 182 497
37 191 374
37 197 57
38 46 98
38 48 38
38 61 239
38 63 75
38 67 77
38 72 30
38 73 6
38 76 79
38 78 103
38 80 415
38 84 300
38 87 286
38 94 308
38 95 13
38 105 144
38 119 327
38 128 327
38 129 184
38 140 413
38 144 83
38 146 328
38 147 159
38 148 23
38 153 187
38 161 89
38 175 378
38 177 3
38 180 164
38 183 103
38 186 229
38 194 52
38 197 34
38 199 265
39 41 496
39 45 420
39 46 62
39 54 369
39 61 461
39 63 101
39 64 409
39 73 142
39 75 110
39 84 268
39 87 216
39 96 187
39 103 200
39 111 124
39 112 77
39 124 233
39 127 322
39 129 487
39 143 453
39 145 480
39 146 159
39 147 141
39 149 87
39 155 297
39 165 220
39 171 12
39 173 484
39 176 258
39 177 465
39 181 15
39 188 319
39 197 202
40 50 471
40 51 131
40 61 285
40 64 375
40 80 416
40 86 144
40 92 46
40 95 346
40 101 437
40 107 243
40 110 133
40 114 340
40 116 188
40 121 263
40 131 428
40 135 344
40 140 324
40 149 321
40 158 236
40 162 491
40 169 349
40 175 219
40 176 468
40 178 479
40 179 215
40 182 238
40 183 465
40 187 5
40 189 303
41 42 198
41 45 47
41 46 268
41 50 335
41 53 401
41 63 444
41 69 421
41 70 385
41 71 229
41 73 352
41 77 194
41 78 140
41 83 431
41 84 439
41 98 174
41 100 247
41 105 135
41 108 68
41 114 359
41 117 427
41 124 281
41 125 54
41 127 112
41 138 85
41 139 234
41 148 87
41 156 444
41 158 31
41 162 151
41 166 95
41 169 64
41 173 80
41 175 495
41 177 365
41 178 139
41 179 422
41 181 463
41 185 394
41 197 283
42 47 217
42 60 445
42 65 422
42 68 363
42 70 338
42 89 137
42 92 277
42 97 185
42 101 214
42 110 67
42 112 432
42 113 418
42 115 244
42 117 357
42 127 182
42 128 374
42 133 179
42 136 324
42 139 285
42 140 87
42 146 215
42 157 395
42 171 446
42 188 253
42 195 231
42 197 403
43 47 333
43 50 222
43 63 459
43 67 368
43 68 371
43 80 45
43 82 311
43 86 227
43 89 163
43 95 283
43 103 360
43 110 363
43 115 256
43 117 433
43 118 352
43 120 221
43 122 118
43 124 155
43 134 362
43 137 413
43 142 259
43 144 416
43 146 243
43 149 452
43 153 253
43 157 115
43 163 304
43 174 24
43 175 413
43 180 320
43 187 123
43 194 47
43 195 455
44 48 338
44 51 473
44 61 420
44 76 351
44 77 233
44 78 161
44 91 95
44 102 81
44 117 226
44 118 1
44 120 168
44 124 383
44 125 319
44 127 426
44 140 137
44 144 366
44 146 458
44 150 205
44 151 271
44 157 424
44 159 359
44 163 183
44 165 202
44 167 493
44 170 443
44 179 15
44 180 173
44 181 261
44 188 167
44 193 158
44 197 195
45 47 290
45 50 258
45 56 170
45 61 8
45 63 141
45 65 247
45 70 79
45 72 111
45 75 159
45 78 432
45 90 453
45 99 36
45 102 485
45 104 178
45 105 124
45 112 479
45 115 381
45 116 36
45 119 173
45 122 416
45 125 329
45 133 203
45 134 163
45 138 435
45 147 427
45 148 361
45 151 341
45 154 150
45 155 14
45 157 387
45 158 171
45 168 436
45 170 95
45 176 371
45 178 341
45 182 435
45 187 235
46 50 220
46 51 69
46 57 240
46 58 193
46 73 87
46 75 484
46 77 142
46 83 195
46 86 404
46 94 317
46 96 407
46 100 425
46 105 244
46 116 383
46 117 38
46 118 126
46 126 15
46 130 89
46 135 70
46 147 44
46 154 35
46 158 332
46 163 451
46 170 278
46 176 446
46 186 69
46 191 466
46 192 171
46 194 389
46 196 48
47 67 345
47 71 24
47 73 206
47 78 340
47 81 109
47 83 214
47 90 123
47 95 399
47 99 496
47 101 182
47 103 25
47 105 163
47 107 368
47 109 57
47 114 127
47 120 179
47 121 433
47 122 367
47 124 260
47 126 329
47 148 497
47 153 308
47 154 314
47 155 469
47 156 229
47 157 343
47 161 242
47 166 169
47 174 388
47 175 314
47 179 6
47 182 69
47 185 377
47 198 189
48 56 495
48 62 31
48 68 411
48 76 174
48 78 2
48 82 318
48 85 400
48 104 74
48 105 112
48 106 333
48 110 274
48 111 205
48 119 322
48 120 124
48 123 93
48 135 346
48 138 127
48 148 110
48 154 173
48 155 460
48 161 362
48 162 65
48 166 391
48 167 302
48 170 493
48 185 282
48 189 143
48 190 220
48 193 69
49 51 216
49 52 470
49 56 399
49 60 77
49 62 2
49 72 132
49 75 178
49 83 435
49 88 161
49 105 79
49 106 33
49 111 38
49 117 393
49 118 138
49 120 388
49 121 409
49 122 474
49 124 291
49 125 63
49 136 265
49 139 66
49 151 345
49 162 248
49 167 196
49 169 358
49 170 387
49 172 462
49 174 184
49 189 83
50 51 332
50 53 260
50 55 494
50 65 256
50 66 132
50 70 281
50 81 103
50 89 221
50 90 195
50 92 470
50 94 385
50 95 37
50 99 89
50 103 488
50 106 211
50 107 47
50 115 36
50 116 313
50 120 187
50 121 170
50 124 435
50 134 222
50 135 299
50 143 186
50 163 17
50 167 496
50 173 171
50 182 354
50 186 446
50 188 117
50 190 365
50 198 170
51 58 287
51 62 265
51 66 481
51 71 94
51 74 477
51 90 43
51 94 165
51 102 126
51 113 76
51 117 481
51 121 224
51 122 289
51 123 431
51 124 198
51 139 272
51 140 271
51 143 321
51 153 429
51 156 64
51 162 330
51 178 120
51 179 497
51 186 6
51 191 467
51 192 75
51 194 52
51 195 114
51 196 473
51 197 455
52 56 293
52 61 217
52 76 42
52 77 279
52 81 229
52 84 266
52 85 218
52 86 405
52 91 294
52 94 131
52 98 245
52 109 425
52 112 346
52 116 276
52 120 340
52 122 3
52 123 28
52 131 118
52 133 376
52 140 94
52 147 369
52 155 270
52 156 150
52 162 436
52 164 476
52 165 296
52 173 113
52 187 131
52 188 476
52 192 46
52 194 289
53 57 248
53 58 195
53 63 464
53 71 194
53 75 330
53 83 281
53 88 380
53 89 485
53 90 230
53 92 167
53 105 290
53 113 491
53 120 408
53 122 377
53 123 443
53 128 2
53 131 240
53 138 130
53 139 24
53 143 200
53 144 345
53 147 335
53 153 408
53 160 63
53 162 276
53 163 168
53 165 226
53 171 345
53 179 315
53 181 253
53 183 42
53 184 241
53 185 107
53 194 378
53 196 280
53 197 207
53 198 216
53 199 316
54 57 490
54 59 383
54 60 68
54 61 123
54 63 219
54 64 421
54 66 428
54 70 216
54 71 346
54 90 461
54 92 288
54 109 17
54 121 87
54 127 408
54 130 127
54 132 365
54 141 315
54 143 297
54 145 42
54 152 327
54 154 372
54 162 35
54 165 276
54 168 471
54 171 111
54 172 345
54 174 52
54 175 372
54 176 341
54 180 436
54 184 178
54 185 282
54 187 298
54 189 94
54 190 79
54 192 437
54 194 486
54 195 226
54 196 374
55 56 281
55 61 346
55 77 225
55 78 132
55 83 321
55 89 99
55 93 373
55 113 356
55 114 255
55 118 271
55 125 165
55 128 119
55 132 438
55 133 299
55 135 321
55 136 349
55 143 384
55 145 281
55 152 389
55 153 441
55 155 314
55 157 358
55 159 474
55 162 53
55 164 297
55 166 282
55 171 32
55 174 28
55 178 232
55 183 78
55 190 319
55 191 119
55 195 230
55 196 449
55 199 148
56 58 231
56 72 162
56 76 420
56 80 357
56 85 277
56 86 249
56 91 254
56 93 394
56 98 366
56 103 57
56 128 488
56 130 6
56 132 350
56 135 336
56 136 278
56 137 5
56 140 424
56 144 248
56 148 230
56 149 56
56 151 24
56 155 180
56 164 30
56 166 466
56 172 452
56 174 463
56 190 235
56 194 271
56 196 284
57 59 235
57 69 362
57 73 439
57 76 495
57 80 389
57 85 385
57 90 147
57 94 355
57 95 445
57 99 279
57 109 448
57 115 165
57 118 218
57 124 180
57 126 59
57 132 224
57 148 316
57 149 75
57 161 26
57 164 358
57 165 232
57 172 473
57 176 480
57 184 190
57 185 312
57 187 354
58 61 446
58 66 234
58 77 337
58 79 449
58 81 262
58 82 396
58 86 82
58 87 63
58 92 194
58 105 213
58 109 218
58 110 177
58 112 240
58 114 65
58 123 438
58 129 191
58 135 468
58 139 289
58 141 119
58 146 350
58 151 18
58 165 200
58 179 191
58 186 399
58 194 176
59 61 139
59 62 478
59 64 285
59 67 145
59 70 323
59 75 384
59 78 358
59 82 61
59 92 402
59 101 267
59 104 396
59 110 400
59 133 311
59 135 129
59 138 339
59 139 348
59 140 405
59 141 134
59 144 350
59 149 382
59 150 102
59 155 283
59 162 403
59 163 213
59 174 414
59 175 4
59 182 317
59 190 248
59 199 112
60 64 200
60 65 272
60 66 324
60 72 198
60 79 290
60 80 364
60 95 41
60 101 5
60 113 374
60 122 232
60 138 286
60 139 285
60 140 86
60 141 338
60 150 252
60 153 476
60 154 397
60 162 16
60 172 305
60 174 351
60 177 474
60 181 402
60 183 294
60 192 459
60 199 76
61 70 456
61 71 148
61 73 88
61 74 212
61 83 299
61 85 170
61 86 188
61 88 129
61 89 81
61 90 460
61 94 15
61 96 307
61 113 496
61 117 27
61 121 74
61 130 321
61 137 65
61 149 94
61 158 433
61 161 455
61 170 325
61 172 243
61 176 280
61 181 172
61 186 244
61 195 452
61 197 289
61 199 499
62 67 149
62 70 219
62 71 446
62 75 58
62 85 411
62 91 453
62 93 340
62 94 277
62 102 138
62 104 496
62 105 267
62 109 343
62 111 486
62 112 25
62 116 212
62 129 347
62 133 423
62 135 493
62 144 433
62 148 26
62 151 189
62 155 91
62 163 36
62 165 418
62 170 173
62 187 14
62 194 322
63 64 381
63 68 323
63 72 159
63 80 96
63 86 11
63 90 75
63 92 91
63 95 48
63 97 102
63 99 290
63 102 303
63 103 365
63 105 21
63 106 136
63 108 279
63 111 116
63 115 91
63 123 54
63 125 460
63 132 362
63 148 245
63 150 99
63 154 6
63 161 302
63 164 140
63 165 52
63 167 474
63 184 495
63 187 45
63 190 252
63 193 46
63 196 403
63 198 406
64 65 497
64 71 45
64 72 275
64 76 447
64 82 36
64 83 221
64 92 325
64 95 132
64 98 311
64 100 125
64 104 201
64 106 339
64 111 172
64 115 142
64 124 239
64 125 91
64 126 397
64 127 174
64 133 97
64 136 304
64 138 458
64 139 413
64 141 489
64 143 363
64 159 265
64 160 383
64 161 25
64 162 261
64 163 35
64 164 283
64 165 332
64 168 414
64 170 11
64 176 383
64 179 413
64 183 316
64 194 285
64 195 327
65 75 285
65 89 407
65 90 438
65 96 252
65 103 75
65 108 176
65 110 100
65 112 300
65 126 74
65 133 457
65 136 382
65 137 69
65 145 67
65 147 294
65 149 235
65 155 155
65 156 21
65 164 306
65 166 454
65 168 285
65 172 203
65 174 295
65 179 379
65 180 490
65 183 43
65 185 73
65 187 353
65 194 380
65 195 397
66 70 184
66 78 437
66 81 182
66 83 65
66 84 340
66 90 496
66 94 303
66 95 417
66 96 1
66 97 300
66 102 281
66 110 413
66 111 337
66 118 383
66 123 177
66 128 224
66 130 467
66 132 297
66 136 269
66 140 155
66 149 466
66 150 2
66 151 115
66 162 363
66 165 16
66 167 418
66 168 77
66 170 433
66 171 309
66 175 84
66 177 56
66 178 487
66 180 280
66 192 10
67 68 356
67 71 300
67 72 195
67 74 55
67 82 53
67 88 371
67 95 58
67 99 37
67 100 166
67 105 488
67 108 500
67 111 389
67 118 342
67 122 51
67 132 267
67 133 343
67 136 85
67 137 150
67 140 376
67 142 385
67 145 290
67 151 390
67 153 414
67 158 367
67 160 497
67 167 114
67 168 263
67 169 86
67 171 470
67 172 475
67 181 179
67 183 426
67 190 188
67 192 385
68 70 451
68 72 386
68 73 217
68 78 125
68 86 178
68 90 460
68 94 113
68 97 27
68 98 355
68 102 52
68 104 441
68 108 70
68 111 56
68 113 54
68 115 383
68 120 373
68 123 248
68 131 285
68 133 376
68 139 16
68 146 147
68 150 290
68 161 259
68 165 358
68 170 51
68 171 99
68 175 42
68 178 266
68 182 289
68 183 262
68 199 145
69 70 284
69 72 214
69 76 390
69 81 191
69 88 290
69 95 210
69 96 127
69 97 113
69 103 328
69 105 477
69 108 399
69 112 36
69 124 180
69 132 88
69 151 232
69 152 471
69 154 381
69 156 224
69 159 83
69 163 52
69 164 434
69 165 161
69 166 151
69 168 160
69 171 24
69 180 6
69 181 210
69 183 332
69 184 127
69 195 430
69 196 223
70 72 1
70 73 238
70 85 31
70 89 254
70 100 310
70 102 25
70 103 177
70 105 444
70 112 219
70 117 308
70 118 339
70 124 155
70 138 398
70 140 338
70 142 43
70 144 289
70 145 427
70 149 47
70 150 18
70 151 79
70 152 259
70 153 279
70 156 374
70 160 354
70 169 44
70 171 21
70 173 127
70 179 231
70 182 67
70 199 238
71 72 114
71 85 412
71 86 334
71 88 477
71 93 334
71 97 211
71 98 160
71 109 340
71 112 269
71 120 397
71 122 193
71 124 436
71 125 308
71 126 77
71 133 307
71 137 452
71 140 141
71 143 69
71 145 275
71 149 425
71 150 213
71 155 138
71 159 92
71 160 430
71 161 483
71 163 287
71 165 409
71 169 354
71 173 319
71 175 269
71 181 211
71 186 210
71 187 223
72 73 481
72 99 226
72 104 321
72 106 310
72 109 64
72 110 212
72 114 333
72 117 402
72 128 291
72 132 13
72 138 423
72 141 109
72 142 262
72 147 107
72 153 73
72 155 62
72 158 245
72 159 149
72 170 157
72 172 269
72 182 198
72 185 54
72 189 217
72 190 142
72 194 7
73 74 439
73 79 220
73 80 348
73 81 54
73 83 420
73 87 1
73 90 352
73 97 260
73 98 305
73 106 222
73 107 277
73 117 85
73 124 296
73 126 309
73 127 83
73 132 288
73 140 435
73 142 422
73 143 170
73 147 76
73 148 79
73 152 470
73 159 385
73 160 120
73 162 331
73 164 409
73 170 328
73 174 289
73 179 283
73 181 84
73 182 325
73 191 315
73 194 160
73 198 28
73 199 188
74 100 480
74 101 282
74 104 297
74 107 110
74 113 13
74 117 55
74 122 227
74 129 436
74 131 393
74 132 394
74 133 352
74 134 457
74 135 413
74 141 71
74 142 460
74 145 265
74 148 314
74 150 454
74 155 286
74 156 163
74 158 152
74 160 211
74 164 265
74 168 65
74 170 81
74 171 198
74 177 322
74 179 269
74 186 45
74 187 318
74 192 219
74 193 4
74 196 312
75 82 413
75 87 44
75 101 81
75 107 443
75 111 429
75 113 85
75 114 294
75 115 257
75 124 235
75 130 69
75 135 165
75 143 116
75 152 452
75 153 390
75 158 397
75 162 306
75 163 458
75 173 236
75 181 249
75 183 185
75 185 304
75 195 490
76 82 491
76 85 223
76 91 493
76 93 264
76 96 345
76 106 47
76 114 162
76 115 125
76 118 106
76 119 64
76 124 87
76 129 320
76 140 196
76 143 257
76 153 230
76 162 155
76 165 149
76 167 409
76 173 416
76 175 373
76 176 297
77 88 129
77 91 384
77 94 465
77 98 252
77 104 380
77 105 30
77 108 170
77 111 112
77 121 296
77 123 42
77 130 297
77 131 181
77 134 68
77 140 483
77 142 354
77 150 488
77 155 294
77 163 478
77 174 47
77 180 481
77 181 11
77 185 59
77 189 156
77 191 409
77 197 464
78 81 403
78 88 188
78 90 295
78 92 81
78 94 52
78 101 340
78 105 243
78 111 412
78 116 182
78 118 293
78 124 212
78 130 191
78 133 319
78 145 79
78 146 190
78 151 128
78 152 47
78 156 238
78 160 122
78 167 69
78 169 67
78 175 346
78 178 139
78 181 46
78 189 79
78 196 124
79 94 277
79 97 34
79 99 64
79 105 316
79 109 154
79 112 95
79 115 273
79 119 61
79 123 484
79 126 50
79 132 11
79 144 114
79 159 201
79 163 461
79 167 175
79 170 220
79 180 231
79 183 167
79 189 334
79 190 219
79 193 398
79 195 290
79 197 468
80 85 373
80 94 182
80 98 259
80 99 394
80 100 264
80 101 96
80 102 208
80 109 2
80 113 238
80 119 10
80 121 200
80 126 68
80 127 429
80 131 188
80 132 156
80 141 166
80 145 326
80 148 109
80 161 42
80 165 461
80 168 144
80 174 320
80 178 487
80 184 50
80 187 440
80 195 389
80 199 252
81 84 372
81 87 204
81 90 296
81 93 94
81 94 195
81 101 497
81 109 84
81 110 166
81 112 295
81 117 196
81 122 476
81 126 136
81 138 123
81 139 387
81 141 90
81 144 167
81 150 312
81 160 105
81 161 328
81 169 444
81 172 14
81 175 385
81 178 180
81 181 279
81 188 416
81 192 22
81 195 48
81 197 315
82 83 30
82 84 326
82 86 291
82 93 151
82 99 150
82 111 306
82 116 269
82 120 137
82 123 166
82 124 262
82 136 200
82 137 96
82 138 486
82 146 219
82 156 195
82 163 373
82 166 70
82 174 363
82 193 15
83 84 357
83 87 433
83 89 77
83 92 388
83 94 189
83 97 245
83 98 66
83 106 416
83 115 139
83 119 386
83 120 499
83 121 335
83 126 154
83 127 361
83 139 137
83 140 486
83 141 439
83 145 280
83 149 313
83 150 136
83 151 199
83 152 42
83 160 378
83 170 190
83 173 332
83 179 147
83 181 135
83 183 18
83 184 473
83 196 99
84 87 125
84 94 417
84 97 44
84 104 168
84 105 32
84 106 226
84 111 313
84 112 140
84 119 117
84 120 232
84 121 349
84 122 148
84 126 2
84 130 24
84 133 176
84 134 96
84 137 97
84 140 353
84 144 409
84 154 173
84 159 30
84 164 390
84 165 484
84 169 388
84 170 33
84 172 494
84 173 63
84 178 257
84 181 49
84 185 367
84 189 307
84 193 323
84 199 10
85 89 8
85 97 10
85 100 131
85 105 167
85 107 42
85 108 194
85 109 85
85 111 399
85 115 463
85 126 121
85 130 442
85 135 434
85 136 345
85 139 271
85 142 143
85 155 408
85 158 211
85 161 313
85 169 437
85 171 105
85 173 10
85 175 478
86 90 290
86 103 312
86 105 286
86 106 305
86 110 151
86 118 419
86 126 125
86 131 327
86 132 72
86 136 356
86 138 31
86 145 212
86 154 329
86 156 379
86 157 121
86 163 133
86 166 46
86 168 67
86 177 200
86 182 269
86 197 79
87 96 70
87 98 342
87 108 294
87 111 354
87 115 269
87 117 61
87 130 143
87 134 36
87 136 486
87 141 189
87 142 259
87 146 180
87 148 200
87 150 85
87 153 17
87 160 397
87 161 135
87 171 182
87 173 460
87 174 45
87 176 44
87 178 73
87 184 264
87 189 337
87 190 218
87 195 93
88 91 406
88 92 78
88 93 467
88 96 227
88 100 135
88 104 400
88 106 416
88 112 176
88 117 85
88 122 347
88 127 190
88 128 79
88 135 282
88 139 142
88 148 122
88 151 230
88 153 476
88 157 397
88 159 255
88 161 413
88 163 195
88 175 297
88 176 70
88 182 245
88 192 206
88 193 410
88 194 200
88 198 87
88 199 4
89 92 99
89 93 299
89 108 333
89 109 245
89 111 11
89 112 437
89 113 491
89 116 238
89 123 44
89 125 416
89 128 237
89 133 111
89 137 339
89 140 14
89 141 394
89 145 110
89 146 53
89 153 340
89 156 95
89 164 66
89 167 1
89 170 270
89 179 143
89 180 207
89 183 57
89 187 21
89 188 462
89 190 347
89 192 198
89 195 215
89 196 27
89 197 500
90 91 57
90 93 278
90 94 155
90 110 315
90 112 461
90 123 129
90 127 250
90 129 318
90 132 372
90 134 482
90 140 166
90 149 481
90 155 80
90 158 498
90 167 129
90 168 76
90 172 424
90 176 160
90 178 16
90 184 479
90 194 351
91 104 134
91 107 128
91 108 216
91 109 264
91 122 281
91 133 317
91 142 66
91 143 241
91 147 471
91 149 400
91 151 1
91 163 70
91 172 400
91 173 99
91 175 491
91 177 262
91 188 143
91 192 479
91 193 36
91 194 324
91 196 88
92 95 356
92 97 43
92 101 258
92 103 421
92 113 133
92 123 335
92 127 220
92 128 322
92 136 189
92 137 292
92 147 339
92 150 293
92 151 126
92 153 405
92 154 133
92 158 11
92 162 365
92 166 54
92 172 338
92 179 272
92 182 140
92 183 275
92 186 335
92 188 39
92 191 466
93 96 474
93 98 124
93 102 62
93 109 39
93 116 459
93 120 228
93 124 108
93 125 71
93 132 360
93 138 248
93 140 205
93 144 372
93 145 74
93 150 442
93 151 25
93 152 216
93 160 250
93 161 144
93 165 431
93 170 29
93 174 498
93 175 67
93 177 374
93 178 320
93 180 378
93 187 469
93 199 318
94 96 267
94 103 424
94 105 11
94 108 147
94 109 20
94 114 386
94 116 77
94 119 17
94 121 184
94 124 408
94 127 137
94 134 463
94 135 304
94 137 130
94 138 46
94 145 66
94 148 138
94 153 216
94 156 492
94 158 434
94 161 344
94 169 77
94 176 466
94 177 263
94 178 453
94 182 478
94 184 227
94 187 106
94 188 197
94 191 432
94 192 439
94 195 376
94 197 214
95 96 284
95 103 453
95 107 38
95 114 180
95 129 186
95 131 148
95 132 373
95 135 29
95 142 463
95 145 86
95 147 160
95 148 4
95 154 226
95 158 123
95 160 105
95 161 213
95 165 460
95 166 344
95 173 76
95 176 298
95 177 282
95 182 255
95 186 410
95 189 257
95 196 6
95 198 197
96 97 443
96 99 215
96 100 103
96 101 125
96 108 279
96 111 487
96 123 230
96 125 79
96 130 224
96 132 312
96 142 491
96 148 486
96 149 145
96 153 86
96 160 195
96 163 108
96 164 260
96 167 485
96 177 427
96 188 290
96 191 134
96 195 259
96 196 40
96 197 164
96 199 341
97 105 94
97 112 84
97 146 237
97 154 192
97 160 12
97 162 233
97 165 1
97 176 153
97 180 474
97 187 440
97 193 499
97 196 444
98 100 408
98 101 472
98 103 428
98 105 128
98 107 30
98 110 234
98 114 388
98 116 18
98 117 124
98 118 425
98 120 1
98 121 320
98 123 481
98 141 258
98 144 51
98 146 181
98 151 404
98 153 421
98 155 389
98 160 234
98 167 384
98 171 158
98 183 490
98 184 408
98 188 178
98 189 259
98 191 57
98 199 81
99 106 242
99 109 330
99 110 206
99 115 399
99 116 462
99 121 464
99 124 427
99 137 59
99 141 236
99 148 277
99 150 56
99 160 412
99 162 294
99 164 285
99 178 310
99 190 449
99 191 59
100 106 126
100 108 210
100 111 384
100 116 441
100 117 446
100 122 158
100 124 86
100 127 422
100 130 176
100 131 347
100 134 226
100 137 128
100 145 114
100 149 335
100 154 493
100 158 453
100 159 146
100 168 264
100 170 316
100 171 234
100 181 194
100 186 212
100 193 406
100 195 270
100 197 37
101 102 45
101 109 477
101 114 348
101 120 304
101 121 478
101 123 377
101 125 149
101 127 132
101 130 247
101 138 24
101 140 279
101 142 402
101 146 456
101 158 358
101 160 405
101 163 136
101 167 35
101 169 271
101 170 387
101 182 456
101 186 103
101 187 304
101 188 108
102 103 52
102 104 146
102 107 72
102 119 216
102 120 40
102 132 332
102 133 298
102 141 234
102 148 20
102 154 225
102 159 466
102 161 143
102 165 157
102 167 498
102 170 74
102 171 39
102 192 476
102 193 256
102 194 12
102 197 274
103 104 156
103 105 96
103 106 179
103 111 218
103 116 481
103 118 483
103 127 472
103 131 9
103 133 136
103 136 33
103 148 454
103 154 343
103 157 136
103 161 320
103 166 111
103 172 131
103 195 334
103 199 407
104 108 73
104 114 74
104 117 398
104 118 118
104 122 292
104 123 64
104 128 117
104 129 348
104 130 276
104 138 335
104 144 86
104 147 278
104 149 337
104 150 430
104 152 441
104 154 491
104 163 399
104 171 420
104 172 13
104 173 158
104 174 69
104 179 215
104 182 205
104 183 67
104 191 439
104 199 54
105 108 254
105 110 483
105 111 336
105 112 177
105 115 379
105 121 72
105 124 291
105 127 77
105 136 233
105 138 141
105 140 200
105 141 317
105 148 254
105 152 437
105 153 103
105 154 93
105 157 380
105 161 138
105 179 372
105 180 114
105 182 238
105 184 298
105 189 469
105 193 297
105 194 381
106 107 426
106 110 253
106 117 317
106 126 251
106 130 363
106 132 462
106 137 475
106 142 236
106 144 220
106 150 371
106 158 202
106 167 53
106 169 200
106 175 360
106 179 425
106 187 324
106 191 175
106 199 144
107 111 358
107 114 206
107 117 231
107 118 44
107 132 330
107 139 147
107 150 205
107 154 124
107 159 103
107 163 37
107 164 234
107 166 477
107 169 425
107 171 233
107 177 336
107 178 309
107 181 359
107 183 34
107 194 197
107 195 121
108 114 472
108 117 241
108 122 363
108 123 155
108 124 404
108 126 231
108 128 480
108 131 352
108 136 314
108 139 229
108 140 476
108 143 262
108 152 494
108 158 139
108 159 230
108 160 385
108 163 465
108 172 344
108 176 486
108 179 182
108 183 288
108 191 264
108 193 153
109 110 487
109 119 217
109 131 42
109 135 375
109 139 412
109 153 15
109 160 198
109 161 493
109 166 485
109 169 193
109 170 462
109 171 34
109 186 435
109 198 315
109 199 90
110 123 321
110 125 472
110 127 282
110 130 37
110 132 431
110 140 251
110 157 286
110 160 453
110 162 350
110 170 124
110 173 135
110 175 179
110 176 52
110 181 345
110 182 337
110 186 407
110 190 479
110 195 239
110 196 343
111 112 401
111 116 72
111 131 46
111 132 371
111 137 106
111 139 193
111 147 474
111 165 472
111 170 51
111 176 162
111 181 180
111 185 111
111 187 202
112 115 98
112 117 470
112 124 405
112 125 276
112 138 369
112 139 191
112 145 75
112 153 279
112 156 330
112 157 223
112 161 186
112 168 338
112 176 456
112 185 473
112 195 469
112 197 273
113 120 446
113 123 424
113 128 229
113 133 5
113 134 201
113 139 180
113 141 388
113 146 205
113 157 89
113 162 217
113 167 341
113 172 467
113 174 28
113 178 398
113 179 217
113 180 378
113 181 121
113 184 406
113 186 263
113 190 215
113 192 173
113 194 324
113 195 362
113 196 104
114 115 270
114 121 28
114 125 242
114 129 143
114 134 321
114 135 281
114 139 322
114 145 73
114 147 382
114 150 236
114 154 263
114 162 366
114 165 356
114 172 37
114 174 300
114 182 338
114 183 394
114 189 212
114 190 185
114 195 165
115 119 66
115 122 464
115 124 487
115 129 91
115 146 427
115 147 6
115 153 351
115 154 79
115 169 410
115 173 493
115 176 152
115 177 465
115 189 488
115 194 356
116 118 384
116 128 258
116 129 322
116 130 345
116 138 342
116 143 189
116 144 158
116 152 268
116 159 90
116 160 90
116 164 68
116 167 341
116 168 200
116 174 431
116 179 63
116 187 28
116 188 206
116 194 379
117 119 371
117 124 212
117 129 447
117 133 315
117 135 101
117 137 184
117 143 205
117 146 210
117 155 95
117 156 36
117 159 154
117 164 185
117 165 65
117 166 472
117 176 422
117 180 271
117 182 153
117 191 89
117 195 248
118 127 420
118 128 158
118 133 178
118 136 376
118 139 316
118 143 471
118 149 481
118 150 257
118 153 368
118 154 355
118 155 90
118 161 234
118 168 36
118 169 474
118 173 191
118 177 314
118 187 275
118 193 494
118 195 385
118 198 176
119 120 466
119 121 303
119 123 392
119 124 303
119 129 436
119 131 30
119 134 425
119 136 271
119 146 231
119 148 460
119 149 267
119 150 265
119 160 56
119 165 278
119 170 8
119 171 46
119 177 311
119 178 301
119 185 211
119 190 382
119 193 454
119 195 163
120 121 500
120 123 473
120 128 371
120 133 55
120 137 215
120 138 446
120 141 385
120 147 3
120 149 395
120 150 403
120 152 194
120 156 27
120 160 465
120 162 29
120 163 241
120 165 148
120 176 449
120 185 346
120 187 405
121 125 319
121 126 56
121 148 278
121 152 258
121 153 288
121 155 451
121 156 383
121 160 357
121 166 443
121 174 169
121 176 250
121 181 483
121 182 425
121 184 10
121 195 131
122 123 140
122 128 375
122 134 38
122 135 121
122 139 287
122 142 181
122 149 378
122 154 322
122 163 221
122 171 101
122 187 353
122 198 457
123 135 70
123 145 30
123 148 479
123 150 487
123 152 91
123 157 60
123 158 329
123 165 202
123 170 210
123 180 119
123 183 329
123 184 117
124 125 109
124 129 251
124 142 403
124 143 436
124 145 28
124 148 442
124 156 478
124 164 147
124 172 378
124 173 378
124 177 485
124 179 449
124 185 449
124 187 82
124 195 28
125 132 312
125 137 455
125 143 306
125 156 379
125 169 78
125 178 53
125 182 165
125 188 293
125 195 271
125 199 406
126 128 327
126 129 133
126 130 294
126 135 453
126 141 82
126 151 102
126 155 10
126 156 343
126 157 66
126 158 260
126 166 292
126 169 269
126 175 387
126 176 244
126 182 147
126 185 474
126 188 48
126 189 132
126 191 434
126 194 120
126 196 494
127 137 367
127 138 263
127 140 199
127 143 456
127 144 499
127 151 205
127 153 367
127 156 333
127 161 148
127 162 207
127 167 55
127 169 146
127 170 60
127 175 280
127 178 147
127 185 443
127 186 67
127 187 141
127 199 1
128 134 226
128 146 484
128 148 139
128 149 447
128 150 9
128 152 58
128 153 82
128 156 322
128 158 175
128 161 359
128 164 56
128 177 100
128 184 98
128 186 35
128 195 381
128 196 108
128 197 395
129 130 189
129 131 446
129 136 467
129 138 311
129 142 410
129 152 457
129 159 113
129 160 265
129 171 473
129 172 197
129 175 455
129 179 139
129 183 458
129 184 191
129 185 119
129 186 71
129 191 300
129 198 230
130 131 41
130 135 214
130 137 195
130 139 63
130 141 169
130 146 260
130 148 356
130 153 180
130 157 74
130 164 267
130 168 441
130 170 230
130 173 181
130 178 18
130 180 430
130 189 397
130 191 353
130 192 86
130 194 77
130 197 495
131 133 322
131 136 448
131 141 46
131 142 407
131 146 38
131 148 167
131 149 247
131 161 15
131 166 139
131 174 260
131 177 173
131 183 482
131 188 271
131 191 381
131 192 245
131 199 307
132 137 442
132 139 139
132 140 371
132 144 420
132 154 161
132 159 55
132 161 23
132 164 260
132 165 4
132 166 89
132 167 230
132 174 433
132 177 313
132 181 32
132 199 270
133 142 58
133 144 122
133 147 371
133 149 51
133 150 269
133 153 113
133 154 236
133 162 154
133 164 180
133 166 296
133 169 378
133 170 132
133 176 266
133 177 198
133 194 188
133 197 339
133 198 439
134 137 376
134 138 252
134 148 308
134 165 434
134 169 270
134 170 387
134 184 148
134 185 1
134 186 458
134 191 295
134 193 31
134 194 453
134 196 164
134 197 157
135 141 400
135 145 318
135 147 90
135 148 477
135 152 406
135 156 390
135 158 81
135 162 52
135 165 54
135 166 91
135 172 126
135 178 378
135 182 444
135 183 109
135 184 437
135 185 113
135 190 33
135 191 81
135 193 100
136 149 2
136 153 160
136 156 399
136 157 305
136 162 441
136 167 253
136 170 386
136 174 16
136 184 116
136 189 31
137 139 457
137 148 85
137 152 468
137 159 148
137 160 67
137 163 480
137 166 499
137 167 24
137 168 224
137 172 320
137 174 99
137 179 472
137 181 103
137 183 450
137 184 194
138 140 393
138 143 480
138 164 53
138 166 444
138 169 340
138 178 284
138 191 220
138 192 384
138 193 236
139 143 104
139 151 414
139 155 236
139 156 241
139 169 424
139 171 463
139 175 292
139 177 422
139 178 366
139 184 437
139 187 109
139 190 378
139 191 185
139 195 46
140 141 65
140 146 301
140 147 105
140 149 331
140 158 438
140 160 166
140 170 64
140 171 306
140 177 43
140 181 320
140 184 113
140 190 325
140 194 471
141 145 426
141 146 126
141 150 415
141 151 188
141 169 59
141 172 1
141 179 306
141 180 103
141 187 77
141 189 427
141 193 487
141 198 94
142 157 33
142 165 365
142 169 288
142 180 211
142 191 15
142 195 400
142 197 55
142 198 401
143 146 34
143 147 383
143 149 248
143 150 434
143 158 323
143 165 492
143 166 343
143 167 116
143 175 97
143 176 226
143 179 119
143 187 233
143 192 489
143 195 462
143 197 299
144 151 378
144 153 135
144 154 220
144 161 440
144 169 437
144 173 258
144 176 337
144 177 462
144 179 3
144 182 4
144 183 435
144 190 75
144 193 144
144 198 303
144 199 118
145 148 7
145 152 407
145 165 66
145 166 298
145 167 396
145 170 483
145 172 88
145 173 441
145 174 309
145 177 77
145 178 47
145 185 2
145 197 11
145 198 467
146 150 142
146 154 403
146 157 325
146 169 252
146 172 101
146 177 420
146 178 217
146 187 459
146 192 136
146 193 282
146 194 1
146 195 95
146 196 295
147 159 393
147 161 226
147 163 464
147 164 379
147 165 414
147 166 255
147 170 261
147 172 7
147 178 73
147 179 308
148 150 494
148 155 16
148 156 281
148 159 114
148 161 366
148 164 500
148 169 462
148 170 151
148 177 308
148 184 331
148 185 247
148 193 270
148 196 13
149 151 293
149 163 246
149 166 193
149 172 330
149 186 64
149 190 162
149 195 106
149 198 451
150 152 355
150 153 93
150 160 107
150 174 388
150 175 369
150 178 313
150 179 340
150 193 14
150 199 160
151 153 113
151 159 469
151 162 467
151 163 305
151 164 419
151 167 452
151 168 108
151 169 31
151 171 87
151 174 175
151 175 134
151 177 53
151 180 497
151 182 65
151 183 281
151 196 68
152 153 249
152 164 45
152 165 435
152 177 347
152 178 204
152 186 469
152 189 214
152 192 278
152 195 427
152 196 135
153 160 44
153 166 2
153 172 58
153 173 352
153 175 35
153 179 290
153 180 82
153 183 217
153 188 439
153 191 409
153 199 169
154 161 262
154 162 49
154 166 283
154 171 111
154 175 141
154 177 451
154 185 101
154 188 105
154 191 226
154 192 143
154 193 261
154 197 413
154 198 228
154 199 433
155 158 303
155 164 411
155 171 456
155 172 461
155 174 395
155 179 478
155 189 243
155 191 401
155 196 214
155 199 150
156 157 126
156 176 246
156 182 453
156 188 50
156 196 301
156 197 18
156 198 337
157 159 406
157 160 452
157 161 51
157 165 88
157 166 74
157 173 203
157 174 111
157 175 461
157 194 275
158 160 326
158 162 262
158 163 461
158 165 440
158 168 222
158 169 200
158 174 326
158 187 12
158 195 106
158 196 106
159 160 134
159 161 308
159 162 57
159 165 394
159 169 223
159 170 485
159 172 179
159 173 206
159 181 134
159 186 204
159 187 36
159 188 19
159 197 430
159 198 26
160 169 328
160 175 192
160 176 269
160 178 5
160 179 251
160 180 393
160 182 159
160 184 168
160 193 256
161 169 447
161 179 83
161 184 138
161 197 96
162 170 31
162 171 197
162 173 448
162 175 298
162 182 428
162 184 240
162 187 124
162 196 6
163 165 490
163 168 278
163 171 12
163 177 441
163 182 353
163 185 458
163 186 297
163 187 498
163 188 21
163 189 435
163 190 463
163 193 312
163 194 122
163 199 359
164 173 108
164 174 291
164 175 12
164 178 466
164 183 250
164 184 349
164 193 75
165 166 363
165 174 281
165 178 276
165 181 157
165 182 167
165 188 263
165 190 379
165 192 317
166 172 388
166 175 281
166 191 344
167 175 406
167 179 195
167 191 183
167 194 498
168 182 323
168 185 272
168 190 230
168 193 490
168 195 87
168 199 112
169 170 454
169 175 123
169 179 490
169 181 495
169 184 422
169 189 381
169 195 172
169 197 162
169 199 302
170 172 184
170 173 77
170 193 61
170 194 481
170 196 333
171 172 98
171 177 42
171 179 5
171 183 5
171 184 277
171 197 45
171 198 127
172 184 283
172 191 257
172 193 367
172 196 422
172 198 4
173 177 443
173 182 130
173 184 493
173 187 49
173 192 179
173 196 36
173 197 471
174 175 229
174 177 9
174 183 110
174 184 48
174 191 341
174 198 416
174 199 409
175 177 38
175 184 355
175 189 33
175 190 318
175 193 497
175 195 340
176 178 341
176 181 260
176 183 12
176 189 318
176 190 193
176 195 36
176 197 228
177 180 78
177 182 125
177 186 294
177 190 346
177 198 239
178 179 140
178 181 356
178 188 15
178 197 119
179 185 13
179 187 488
179 193 104
179 194 62
180 181 440
180 189 247
180 193 478
181 183 394
181 197 119
182 186 6
182 188 235
182 192 305
183 188 126
183 192 422
183 199 107
184 190 467
184 192 464
184 194 459
184 195 176
185 198 140
186 192 425
186 197 209
186 199 83
187 198 361
188 189 490
188 197 36
189 198 398
189 199 78
190 196 407
190 197 100
191 199 241
192 194 357
192 196 439
192 197 290
192 198 149
194 195 393
194 199 439
195 199 262
198 199 467
