NVERT 20
0 1 3 8 10 12 15 16 17
1 2 6 7 8 12 14
2 4 6 7 15
3 4 9 10 14 15 18 19
4 6 7 9 15 16 18 19
5 8 10 13 14 18
6 11 13
7 8 9 10 11 14 15 16 18 19
8 10 11 12 15 19
9 10 13 14 17
10 12 13 19
11 13 14 15 17 18
12 16 17 19
13 14 17 19
14 19
15 19
16 18
17
18
19
WEIGHTS 74
0 1 75
0 3 439
0 8 113
0 10 431
0 12 47
0 15 374
0 16 340
0 17 212
1 2 128
1 6 310
1 7 376
1 8 481
1 12 370
1 14 479
2 4 366
2 6 346
2 7 285
2 15 88
3 4 7
3 9 240
3 10 58
3 14 173
3 15 205
3 18 117
3 19 139
4 6 283
4 7 42
4 9 399
4 15 361
4 16 401
4 18 263
4 19 420
5 8 427
5 10 425
5 13 168
5 14 326
5 18 173
6 11 55
6 13 65
7 8 166
7 9 287
7 10 196
7 11 147
7 14 279
7 15 343
7 16 393
7 18 491
7 19 279
8 10 127
8 11 498
8 12 132
8 15 422
8 19 407
9 10 296
9 13 320
9 14 288
9 17 29
10 12 122
10 13 188
10 19 419
11 13 370
11 14 310
11 15 487
11 17 44
11 18 44
12 16 179
12 17 87
12 19 366
13 14 433
13 17 150
13 19 397
14 19 217
15 19 187
16 18 17
